-6.597448979591836737e-01
-3.339215561224490036e-01
-4.984751275510203999e-02
-1.576715561224489859e-01
-3.197672193877550834e-02
-7.547704081632652384e-01
-3.529508928571428727e-02
-3.770841836734693808e-02
-2.636575255102040494e-01
-3.436549744897959280e-01
-4.105089285714285663e-01
-3.120567602040816291e-01
-1.493252551020408103e-01
-1.629005102040816458e-02
-3.484260204081632284e-01
-2.881536989795918102e-01
-2.685899234693877591e-01
-3.935019132653060914e-01
-4.532047193877550839e-01
-3.291250000000000009e-01
-2.410733418367347058e-01
-7.411989795918367818e-01
-3.744017857142857286e-01
-5.072716836734694201e-01
-1.791906887755101985e-01
-4.274355867346938398e-01
-1.407723214285714342e-01
-2.120082908163265223e-01
-5.225191326530612690e-01
-2.606409438775509901e-01
-1.393954081632652886e-01
-3.483463010204081445e-01
-2.139317602040816113e-01
-2.200809948979591812e-01
-2.832512755102040702e-01
-3.420905612244897753e-01
-3.601906887755101927e-01
-2.768080357142857495e-01
-2.565956632653061398e-01
-1.981957908163265447e-01
-4.913813775510204040e-01
-2.076001275510204191e-01
-5.973016581632652894e-02
-4.913813775510204040e-01
-6.027315051020407655e-01
-4.826677295918366944e-02
-1.937710459183673295e-01
-2.618278061224489917e-01
-2.801836734693877173e-01
-2.443507653061224513e-02
-3.999017857142856958e-01
-6.274681122448979576e-01
-5.837978316326530165e-02
-7.253443877551020436e-02
-3.701594387755102189e-01
-5.214713010204082011e-02
-3.855312499999999920e-01
-2.187429846938775402e-01
-6.516007653061224592e-02
-2.382952806122448919e-01
-3.731626275510203650e-01
-1.096645408163265251e-01
-1.923456632653061313e-02
-3.635937499999999933e-02
-1.645095663265306318e-01
-2.932206632653061029e-01
-2.375127551020408123e-01
-3.062576530612244885e-01
-3.595873724489795920e-01
-2.859508928571428688e-01
-2.470656887755101894e-01
-1.874304846938775471e-01
-3.828156887755101989e-01
-2.932206632653061029e-01
-6.761670918367346239e-01
-8.914285714285714590e-01
-2.693890306122449507e-01
-4.046932397959183692e-01
-1.457557397959183543e-01
-3.071549744897958956e-01
-4.132844387755101739e-02
-4.887015306122449165e-01
-1.989713010204081645e-01
-1.772799744897959051e-01
-1.927653061224489650e-01
-7.037308673469387654e-02
-5.973016581632653033e-01
-4.539362244897959253e-01
-5.133373724489795897e-01
-4.011262755102040778e-01
-4.425459183673469132e-01
-3.079674744897959449e-01
-3.214770408163265536e-01
-3.377901785714285676e-01
-1.296033163265306043e-01
-3.330988520408162956e-01
-3.637474489795918808e-01
-4.941313775510203787e-01
-1.305816326530612193e-01
-4.428233418367347185e-01
-2.120082908163265223e-01
-1.794923469387755266e-01
-2.340701530612244730e-01
-1.211779336734693791e-01
-2.172002551020408012e-01
-2.277914540816326494e-01
-1.466103316326530619e-02
-3.813073979591836693e-01
-3.469190051020407672e-01
-3.443029336734693691e-01
-1.231524234693877687e-02
-6.766326530612245538e-01
-1.574706632653061211e-01
-4.981556122448979607e-01
-2.144853316326530701e-01
-3.800140306122448686e-01
-3.936760204081632963e-01
-1.086001275510204041e-02
-5.540624999999999717e-02
-1.942691326530612272e-01
-1.683303571428571566e-01
-6.653061224489795755e-01
-2.707499999999999907e-01
-1.113150510204081733e-01
-2.848858418367347101e-01
-2.821071428571428688e-02
-4.714987244897959617e-01
-8.484566326530612601e-02
-6.430739795918367641e-01
-3.190242346938775841e-01
-2.558201530612245200e-01
-1.086001275510204006e-01
-3.530376275510204165e-01
-2.334036989795918449e-01
-1.752487244897959207e-01
-1.337225765306122305e-01
-3.671122448979591835e-01
-1.460242346938775415e-01
-1.731116071428571435e-01
-1.901198979591836591e-01
-2.932206632653061237e-02
-3.208131377551020624e-01
-9.638265306122448806e-01
-5.180382653061224030e-01
-3.237825255102040889e-01
-1.128431122448979723e-01
-1.761855867346938942e-01
-1.868705357142857182e-01
-4.188864795918367107e-02
-2.001058673469387761e-01
-2.632595663265305808e-01
-4.574241071428571392e-01
-3.049496173469387617e-02
-1.656154336734693699e-01
-1.549451530612244998e-01
-1.902085459183673333e-01
-1.067321428571428588e-01
-2.967391581632652930e-01
-1.993903061224489848e-01
-2.990854591836734910e-02
-4.363124999999999920e-01
-2.723048469387754911e-01
-7.016581632653061396e-02
-5.816147959183672889e-01
-2.334904336734693886e-01
-3.102276785714285778e-01
-4.468686224489795689e-01
-4.390599489795918298e-01
-3.424815051020407841e-01
-2.992047193877550582e-01
-4.413271683673469781e-01
-2.275395408163265465e-01
-2.278233418367346941e-01
-3.635937499999999933e-02
-4.721026785714285690e-01
-2.606409438775509901e-01
-2.483730867346938681e-02
-7.239094387755101723e-01
-4.100663265306122574e-01
-2.967455357142857464e-01
-3.364547193877550635e-01
-1.694815051020407970e-01
-3.583807397959183350e-01
-2.334904336734693886e-01
-2.398258928571428417e-01
-3.801007653061224123e-01
-1.235286989795918444e-01
-4.603565051020408472e-01
-3.321588010204081787e-01
-2.158552295918367281e-02
-1.952850765306122505e-01
-2.807735969387755159e-01
-1.448507653061224532e-01
-1.833131377551020236e-01
-9.083035714285714324e-02
-4.995612244897958965e-01
-6.430739795918367641e-01
-4.615510204081632595e-02
-2.769304846938775988e-01
-2.497806122448979482e-01
-8.520153061224490509e-02
-5.342480867346939277e-01
-1.518883928571428676e-01
-5.014049744897959293e-01
-3.156447704081632999e-01
-7.271874999999999867e-02
-1.479872448979591970e-01
-2.632551020408163134e-01
-1.777825255102040980e-01
-1.637079081632653033e-01
-2.199158163265306221e-01
-2.618475765306122471e-01
-5.955841836734694361e-01
-3.393756377551020442e-01
-1.683086734693877429e-01
-4.295727040816326170e-01
-5.902417091836734686e-01
-4.896785714285714075e-01
-6.533354591836734171e-01
-3.746709183673469501e-01
-3.459827806122449112e-01
-2.540070153061224634e-01
-3.547608418367346750e-01
-4.615510204081632595e-01
-3.835325255102040587e-01
-4.039266581632652842e-01
-6.867219387755101323e-01
-3.448265306122448859e-01
-2.990854591836734910e-02
-4.527327806122449227e-01
-5.892200255102040263e-01
-3.001600765306122742e-01
-1.086001275510204041e-02
-1.126224489795918382e-01
-3.692410714285714324e-01
-5.299292091836734775e-01
-4.205242346938775078e-01
-5.171970663265306606e-02
-4.565235969387754916e-02
-2.643686224489796288e-01
-2.163966836734693699e-01
-1.905605867346938515e-02
-2.474783163265306118e-01
-2.304713010204081647e-01
-4.349158163265305910e-01
-3.008443877551020273e-01
-3.067091836734693877e-01
-8.195280612244898455e-01
-7.622130102040816646e-02
-3.312308673469387399e-01
-4.529387755102040614e-01
-3.529508928571428727e-01
-1.237423469387755048e-01
-3.881702806122449001e-01
-5.212812500000000293e-01
-2.447066326530612235e-01
-3.653533163265306194e-01
-2.428820153061224396e-01
-2.370127551020408119e-01
-1.167455357142857114e-01
-7.389158163265305279e-02
-8.114859693877551905e-02
-2.036256377551020347e-01
-5.647213010204081840e-01
-2.443507653061224513e-02
-9.502551020408163407e-02
-2.560338010204081804e-01
-1.649113520408163405e-02
-2.855784438775509915e-01
-2.675554846938775766e-01
-3.936683673469387745e-01
-3.226836734693877551e-01
-9.654719387755100746e-02
-4.830701530612244721e-01
-5.138399234693877965e-02
-4.039323979591836755e-01
-4.887015306122449027e-02
-1.065707908163265327e-01
-3.149406887755102358e-01
-2.265408163265306141e-02
-4.087500000000000022e-01
-2.854553571428571357e-01
-3.067091836734693877e-01
-4.012232142857142803e-01
-1.086001275510204041e-02
-7.682397959183673297e-02
-2.303877551020408199e-01
-3.413871173469387732e-01
-2.463616071428571461e-02
-6.163067602040817050e-01
-3.342716836734693775e-02
-3.261332908163265820e-01
-1.334375000000000144e-01
-4.235408163265306225e-01
-1.143392857142857127e-01
-4.398309948979591821e-01
-3.398112244897958933e-01
-3.769904336734694050e-01
-3.388233418367346816e-01
-1.108373724489795931e-01
-4.181109693877550493e-01
-4.830019132653061431e-02
-3.108182397959183829e-01
-3.316900510204081609e-01
-3.778890306122449361e-01
-3.453220663265305634e-01
-4.832710459183673368e-01
-2.863915816326530542e-02
-5.238960459183673868e-02
-9.232589285714286331e-02
-4.956772959183673027e-02
-2.187429846938775402e-01
-1.873354591836734750e-01
-2.226307397959183532e-01
-4.701792091836734522e-02
-7.950318877551020014e-02
8.688010204081632326e-02
-3.623022959183673231e-01
-1.209642857142857186e-01
-4.018207908163265452e-01
-2.237627551020408001e-01
-3.220803571428571543e-01
-2.756275510204081458e-01
-1.504317602040816382e-01
-2.253456632653061398e-01
-5.902627551020408342e-02
-3.729770408163264883e-01
-1.970478316326530754e-01
-4.624853316326530961e-01
-4.565739795918367233e-02
-1.859017857142857277e-01
-2.998571428571428776e-01
-5.014075255102040662e-01
-3.846919642857142829e-01
-5.578035714285713847e-02
-3.622512755102040849e-01
-1.700682397959183689e-01
-1.954802295918367516e-01
-3.451543367346939228e-01
-2.500497448979591836e-02
-4.185133928571428408e-01
-3.983016581632652930e-01
-1.357506377551020438e-01
-2.436383928571428659e-01
-1.662187499999999984e-01
-3.342716836734693775e-02
-4.669808673469387772e-01
-1.688329081632653217e-01
-2.693890306122449507e-01
-5.275663265306121952e-01
-1.452334183673469614e-01
-2.633558673469387768e-01
-2.959355867346938895e-01
-2.638985969387755426e-01
-2.784387755102040729e-01
-5.063622448979592239e-01
-1.554068877551020578e-01
-2.363061224489796108e-01
-2.172002551020408012e-01
-7.459566326530612246e-01
-1.248903061224489741e-01
-1.276052295918367330e-01
-3.064942602040816033e-01
-6.827742346938775464e-02
-4.333871173469387994e-01
-1.276052295918367330e-01
-4.129024234693877693e-01
-1.412672193877551052e-01
-5.285573979591836613e-01
-1.384655612244897749e-01
-1.493252551020408103e-01
-2.155918367346938702e-01
-4.398309948979591683e-02
-2.774056122448979589e-01
-2.066422193877551217e-01
-1.694815051020407970e-01
-1.084917091836734709e-01
-6.658609693877551305e-02
-2.193290816326530501e-01
-2.141454081632653272e-01
-3.577633928571428146e-01
-4.920242346938775158e-01
-5.635701530612244881e-01
-3.624209183673469670e-01
-5.565210459183673741e-01
-7.561862244897959995e-02
-1.407461734693877531e-01
-2.491951530612245003e-01
-1.681957908163265181e-01
-5.701511479591836462e-02
-4.786039540816326709e-02
-5.864413265306122301e-03
-1.194604591836734703e-01
-3.746709183673469501e-01
-2.226307397959183532e-01
-5.636403061224489752e-01
-2.449202806122448839e-01
-7.975573979591836504e-02
-5.644196428571428559e-01
-3.844253826530612261e-02
-8.796619897959183643e-01
-1.782857142857142974e-01
-3.436581632653061269e-01
-3.055357142857142994e-01
-2.779649234693877258e-01
-2.090554846938775246e-01
-4.961294642857143056e-01
-2.357774234693877369e-01
0.000000000000000000e+00
-1.880714285714285908e-02
-2.424400510204081649e-01
-4.574241071428571115e-02
-1.574706632653061211e-01
-4.342002551020408552e-01
-2.507863520408163405e-01
-8.145025510204081942e-02
-1.654177295918367319e-01
-3.952850765306122338e-01
-2.158105867346938600e-01
-5.058698979591836897e-01
-2.986505102040816137e-02
-6.041390306122448317e-01
-2.229323979591836813e-01
-3.661951530612244654e-01
-4.286887755102040676e-01
-6.720599489795917592e-01
-1.427633928571428734e-01
-5.598947704081632670e-01
-5.864413265306122475e-02
-4.038667091836734557e-01
-7.330548469387755672e-02
-3.216396683673469759e-02
-5.518539540816326527e-02
-3.095108418367347181e-01
-1.047991071428571397e+00
-4.180102040816326414e-01
-4.849872448979591910e-01
-4.449604591836734402e-01
-1.993903061224489848e-01
-2.474783163265306118e-01
-4.465503826530612397e-01
-1.819056122448979851e-01
-3.383705357142857140e-01
-2.565178571428571308e-01
-2.075197704081632455e-01
-5.420963010204081778e-01
-1.303201530612244918e-01
-1.158405612244897964e-01
-7.682397959183673297e-01
-2.755229591836734493e-02
-1.140299744897959183e-01
-6.286288265306122502e-01
-4.448590561224490258e-01
-6.787500000000000477e-02
-2.979228316326530956e-01
-3.530325255102040316e-02
-1.520401785714285692e-01
-1.250210459183673413e-02
-2.012123724489796039e-01
-1.961843112244897880e-01
-1.113150510204081733e-01
-2.986505102040816137e-02
-5.723360969387755182e-01
-2.722372448979591963e-01
-8.979655612244898111e-02
-1.330350765306122229e-01
-1.119681122448979577e-01
-5.150599489795918418e-01
-2.439483418367346945e-01
-2.470656887755101894e-01
-4.151951530612245089e-01
-3.638112244897959702e-01
-2.998571428571428776e-01
-3.665261479591837013e-01
-2.983488520408162925e-01
-3.225427295918367743e-02
-3.407225765306122200e-01
-3.801007653061224539e-02
-2.466301020408163125e-01
-5.077059948979592008e-01
-4.615510204081632595e-02
-5.348565051020407468e-01
-2.632595663265305808e-01
-6.498341836734693455e-01
-2.099457908163265274e-01
-2.130778061224489761e-01
-5.719088010204081973e-01
-5.511466836734693064e-01
-3.430682397959183838e-01
-2.742155612244897567e-01
-2.592072704081632706e-01
-4.408367346938775189e-01
-4.342742346938775477e-01
-4.122684948979591923e-01
-2.416358418367346994e-01
-4.062455357142857326e-01
-4.371160714285713955e-01
-3.934540816326530521e-01
-2.036256377551020347e-01
-7.159566326530611424e-02
-3.190637755102040396e-01
-2.742155612244897567e-01
-2.850108418367346963e-01
-3.354445153061224594e-01
-2.392678571428571155e-01
-3.229853316326530277e-01
-1.866313775510203832e-01
-2.474783163265305841e-01
-1.832123724489795602e-01
-3.041811224489796017e-01
-3.360312500000000036e-01
-1.000197704081632472e-01
-4.005395408163264781e-01
-1.819056122448979573e-01
-2.670051020408162890e-01
-3.367850765306121819e-01
-2.552104591836734104e-01
-1.765306122448979387e-01
-4.568252551020408059e-01
-2.439285714285714113e-01
-3.577295918367346395e-01
-3.801007653061223568e-01
-3.802397959183673182e-01
-1.146339285714285672e-01
-3.895529336734693260e-01
-3.664706632653060847e-01
-3.823411989795917898e-01
-1.232812499999999811e-01
-5.718609693877551026e-01
-3.219566326530611811e-01
-4.054228316326530246e-01
-2.959355867346938895e-01
-1.014540816326530426e-01
-3.606613520408162854e-01
-4.151951530612244534e-01
-2.995554846938774940e-01
-3.056128826530611908e-01
-3.425937499999999747e-01
-2.889802295918367236e-01
-1.918603316326530361e-01
-3.313392857142856696e-01
-1.085688775510203902e-01
-3.635338010204081094e-01
-3.158016581632652753e-01
-4.006728316326530481e-01
-2.026045918367346821e-01
-2.627257653061224052e-01
-2.500497448979591697e-01
-2.785599489795917982e-01
-5.204024234693876982e-01
-3.759088010204081343e-01
-7.058992346938773588e-02
-1.809221938775510130e-01
-4.805561224489795502e-01
-3.393756377551019887e-01
-1.293150510204081616e-01
-1.547551020408163003e-01
-4.208258928571428359e-01
-2.443507653061224305e-01
-1.361524234693877455e-01
-6.507716836734693810e-01
-4.695956632653061069e-01
-2.823214285714285565e-01
-1.489559948979591597e-01
-5.459177295918367090e-01
-3.672971938775509981e-01
-2.163966836734693699e-01
-4.034719387755101305e-01
-7.480102040816326292e-02
-4.947563775510203099e-01
-6.760395408163264452e-01
-4.122933673469387217e-01
-3.190803571428571517e-01
-8.969579081632651774e-02
-2.544477040816325863e-01
-2.228348214285714168e-01
-1.008679846938775326e-01
-3.062735969387754831e-01
-2.320975765306122207e-01
-1.782404336734693673e-01
-1.902085459183673055e-01
-6.896109693877550129e-01
-3.825529336734693753e-01
-5.032780612244897034e-01
-3.779891581632652819e-01
-2.981364795918367006e-01
-2.253456632653061120e-01
-3.680216836734693242e-01
-5.307602040816326028e-01
-5.887920918367346435e-01
-4.805561224489795502e-01
-2.201294642857142547e-01
-2.524955357142856793e-01
-2.339904336734693613e-01
-3.051868622448979385e-01
-1.293150510204081616e-01
-1.981957908163265170e-01
-5.928533163265305994e-01
-2.806084183673469012e-01
-8.913903061224488777e-02
-2.537021683673469363e-01
-2.306747448979591664e-01
-2.524955357142856793e-01
-2.603801020408162969e-01
-1.031702806122448829e-01
-3.475051020408163049e-01
-2.954330357142856966e-01
-1.237391581632652920e-01
-1.590057397959183383e-01
-3.864649234693877111e-01
-2.687857142857142945e-01
-7.547512755102040449e-01
-4.135440051020407570e-01
-3.993667091836733962e-01
-2.872174744897958432e-01
-4.573450255102040063e-01
-5.236919642857141843e-01
-5.644285714285713906e-01
-2.397251275510203783e-01
-3.577295918367346395e-01
-5.782965561224489015e-01
-1.024661989795918327e-01
-4.139713010204080779e-01
-3.260612244897959089e-01
-2.060235969387754773e-01
-3.828156887755101989e-01
-2.173271683673469179e-01
-4.386581632653060447e-01
-2.909075255102040458e-01
-6.516007653061224592e-02
-4.445223214285713431e-01
-3.746473214285713782e-01
-2.362053571428570919e-01
-1.956275510204081303e-01
-7.602040816326530170e-02
-3.216454081632652562e-01
-2.144853316326530424e-01
-7.873533163265304669e-02
-5.369285714285714217e-01
-2.090554846938775246e-01
-4.530816326530611726e-01
-3.616989795918366668e-01
-2.328169642857142729e-01
-4.246473214285714226e-01
-4.024304846938774882e-01
-4.099661989795918005e-01
-2.334904336734693608e-01
-3.882244897959182817e-01
-2.461313775510203805e-01
-2.439598214285713940e-01
-3.530325255102040316e-01
-2.199158163265305943e-01
-1.427633928571428457e-01
-3.547971938775509870e-01
-2.428424744897959009e-01
-2.630867346938774998e-01
-1.688954081632652870e-01
-1.129043367346938553e-01
-1.852238520408162892e-01
-2.031173469387755059e-01
-2.802780612244897829e-01
-2.971422193877550355e-01
-2.980121173469387208e-01
-2.746275510204081449e-01
-4.208258928571428359e-01
-3.176556122448979114e-01
-1.408399234693877289e-01
-2.974438775510203636e-01
-5.618227040816324847e-01
-2.317570153061224159e-01
2.638985969387754732e-02
-3.976071428571427702e-01
-3.584043367346937958e-01
-4.081562499999999982e-01
-3.506919642857142527e-01
-1.941122448979591408e-01
-2.246071428571428386e-01
-3.070975765306122041e-01
-2.263514030612244765e-01
-2.873278061224489588e-01
-1.123207908163265240e-01
-5.969139030612244934e-01
-3.909610969387755097e-01
-8.362244897959182355e-01
-3.911562499999999276e-01
-3.660229591836733909e-01
-5.604980867346938123e-01
-2.680038265306122214e-01
-2.823156887755101652e-01
-1.764751275510204054e-01
-2.843718112244897345e-01
-3.103182397959183270e-01
-2.328169642857142729e-01
-2.443507653061224166e-02
-3.616103316326530481e-01
-2.192117346938775302e-02
-1.507155612244897580e-01
-9.676275510204081221e-02
-3.393756377551019887e-01
-2.465172193877550599e-01
-3.501058673469387150e-01
-2.445459183673469039e-01
-2.052544642857142762e-02
-1.846205357142856884e-01
-3.484260204081632284e-01
-4.263431122448979593e-01
-7.572321428571427981e-01
-2.941020408163264738e-02
-3.219700255102040387e-01
-2.220274234693877247e-01
-4.634030612244897096e-01
-3.076001275510203969e-01
-6.160051020408161548e-01
-4.075599489795918018e-01
-2.147863520408163085e-01
-9.018877551020407224e-02
-2.330886479591836313e-01
-3.489323979591836267e-01
-3.968176020408162863e-01
-3.665261479591836458e-01
-7.148724489795917902e-01
-4.056843112244897798e-01
-2.334904336734693608e-01
-3.095108418367346625e-01
-2.528278061224489837e-01
-1.823073979591836591e-01
-2.394234693877550779e-01
-2.996715561224489455e-01
-1.019636479591836536e-01
-7.350637755102039372e-02
-2.996715561224489455e-01
-1.700682397959183412e-01
-4.289815051020408054e-01
-3.074298469387754529e-01
-1.895688775510203927e-01
-2.859808673469387830e-01
-5.178380102040816002e-01
-1.548558673469387359e-01
-3.157455357142857078e-01
-3.312308673469387399e-01
-5.618641581632652926e-01
-1.026275510204081587e-01
-1.008679846938775326e-01
-2.540624999999999689e-01
-3.471734693877550626e-01
-1.499285714285714111e-01
-3.801007653061223568e-01
-2.938073979591835916e-01
-4.072512755102040138e-01
-1.803775510204081445e-01
-3.664253826530611824e-01
-2.036256377551020069e-01
-1.273756377551020225e-01
-5.782965561224489015e-01
-3.946753826530611797e-01
-1.764751275510204054e-01
-3.324891581632652970e-01
-2.729081632653060918e-01
-3.682353316326530401e-01
-2.345765306122448712e-01
-1.840172193877550599e-01
-4.887015306122448333e-02
-1.764751275510204054e-01
-4.615510204081632040e-01
-1.451141581632652833e-01
-3.039802295918366815e-01
-3.283035714285714168e-01
-2.422002551020407679e-01
-3.145382653061223888e-01
-2.818749999999999867e-01
-3.169030612244897460e-01
-5.483227040816326392e-01
-6.108762755102040698e-01
-2.362053571428570919e-01
-3.984693877551019892e-01
-2.316441326530611911e-01
-2.134649234693877240e-01
-1.367793367346938627e-01
-4.210503826530611615e-01
-3.149406887755101803e-01
-1.471970663265305956e-01
-2.615529336734693233e-01
-4.244100765306121903e-01
-4.289713010204081467e-01
-2.292984693877550828e-01
-2.563169642857142660e-01
-4.181862244897958658e-01
-3.096116071428571259e-01
-2.407308673469387428e-01
-4.867461734693876996e-01
-2.988386479591836342e-01
-3.774253826530611922e-01
-4.669808673469387217e-01
-3.660982142857142629e-01
-4.474547193877550511e-01
-3.248883928571428270e-01
-2.307755102040816020e-01
-6.772704081632652251e-01
-3.583807397959183350e-01
-4.104687499999999378e-01
-2.637557397959183203e-01
-2.329521683673469179e-01
-4.922079081632652064e-01
-3.556658163265306039e-01
-1.369929846938775508e-01
-2.345765306122448712e-01
-4.642659438775509351e-01
-5.404872448979591848e-01
-1.344387755102040560e-01
-4.072512755102040971e-02
-3.631109693877550559e-01
-2.009107142857142758e-01
-2.708603316326530508e-01
-4.028207908163264350e-01
-3.638112244897959147e-01
-3.150854591836734220e-01
-2.525963010204081427e-01
-2.891983418367346514e-01
-8.145025510204081942e-02
-8.796619897959182532e-01
-3.229272959183673297e-01
-2.253456632653061120e-01
-3.029744897959183447e-01
-5.371804846938774691e-01
-2.577436224489795813e-01
-1.566894132653061100e-01
-4.574241071428570837e-01
-3.530325255102040316e-01
-3.719559948979591635e-01
-2.850758928571427986e-01
-1.567442602040816091e-01
-8.034247448979590922e-02
-3.171530612244897740e-01
-3.370631377551019936e-01
-3.242098214285713542e-01
-1.057844387755101923e-01
-4.322072704081632022e-01
-8.826530612244896934e-02
-2.545376275510203845e-01
-2.986179846938775140e-01
-4.002933673469387665e-01
-3.905701530612244454e-01
-6.274923469387753971e-02
-3.851192602040816038e-01
-2.691766581632652477e-01
-2.343450255102040580e-01
-2.333903061224489595e-01
-9.774043367346937905e-02
-1.841428571428571359e-01
-1.354968112244897827e-01
-2.650223214285714057e-01
-4.708201530612244334e-01
-3.699445153061223790e-01
-7.858290816326529704e-02
-4.026256377551020171e-01
-1.803163265306122198e-01
-3.420172193877550337e-01
-2.543054846938775371e-01
-2.748258928571428727e-01
-2.582480867346938491e-01
-1.846205357142856884e-01
-2.680038265306122214e-01
-2.665057397959183505e-01
-7.159566326530610036e-02
-4.924056122448979278e-01
-2.130765306122448799e-01
-2.827487244897958774e-01
-5.642187499999999911e-01
-5.348565051020407468e-01
-3.602914540816326006e-01
-2.434323979591836440e-01
-2.126753826530612124e-01
-1.512359693877551037e-01
-1.460242346938775138e-01
-2.253456632653061120e-01
-3.277110969387754813e-01
-2.814661989795917973e-01
-3.135331632653060585e-01
-2.080497448979591602e-01
-3.420905612244897198e-01
-4.479764030612244929e-01
-3.252978316326530228e-01
-4.045357142857142208e-01
-4.000797193877550506e-01
-2.241014030612244468e-01
-2.876639030612244130e-01
-5.430012755102040511e-01
-2.334904336734693608e-01
-2.709362244897958738e-01
-2.398526785714285292e-01
-2.912971938775509861e-01
-4.329936224489795427e-01
-2.226307397959183254e-01
-5.131364795918366140e-01
-3.952614795918366619e-01
-2.987512755102040285e-01
-1.900503826530611784e-01
-4.415408163265305275e-01
-1.927653061224489650e-01
-2.865567602040816064e-01
-8.210204081632652140e-02
-3.408839285714285738e-01
-3.801007653061224539e-02
-2.470656887755101616e-01
-3.872563775510203810e-01
-3.363915816326530361e-01
-2.764776785714285201e-01
-1.146339285714285672e-01
-3.719559948979591635e-01
-1.049732142857142808e-01
-3.491772959183672698e-02
-9.916517857142856385e-02
-2.105529336734693613e-01
-3.691696428571428212e-01
-1.927653061224489650e-01
-3.079674744897958893e-01
-3.665261479591836458e-01
-3.410809948979591222e-01
-7.037308673469387654e-02
-1.981957908163265170e-01
-6.488392857142856185e-01
-3.176556122448979114e-01
-4.976505102040815753e-01
-3.964343112244897438e-01
-2.433730867346938498e-01
-3.247952806122448854e-01
-6.108762755102040698e-01
-1.354681122448979369e-01
-2.986505102040816206e-01
-3.665261479591836458e-01
-4.650478316326530082e-01
-4.427633928571427790e-01
-3.823596938775509768e-01
-5.267110969387754915e-01
-3.734100765306122005e-01
-3.512786989795917969e-01
-1.288118622448979345e-01
-1.981957908163265170e-01
-2.199158163265305943e-01
-2.314260204081632633e-01
-1.710452806122448599e-01
-2.919381377551020229e-01
-4.312825255102040178e-01
-3.166785714285714343e-02
-2.489764030612244550e-01
-1.293718112244897911e-01
-2.345765306122448574e-02
-4.452608418367346443e-01
-4.740197704081632324e-01
-2.754866071428571095e-01
-5.782965561224489015e-01
-3.604126275510203814e-01
-1.547315051020408116e-01
-4.879190051020407259e-01
-2.382557397959183254e-01
-4.476747448979591093e-01
-2.322308673469387630e-01
-2.866843112244897851e-01
-2.416358418367346717e-01
-5.843297193877551310e-01
-4.369119897959182763e-01
-4.778411989795918191e-01
-1.981957908163265170e-01
-4.052085459183673022e-01
-2.570204081632652682e-01
-2.515835459183672906e-01
-2.769304846938775433e-01
-1.846205357142856884e-01
-1.769585459183673215e-01
-3.014311224489795160e-01
-1.585063775510203998e-01
-3.224999999999999534e-01
-4.550784438775509755e-01
-9.482397959183672120e-02
-2.426065051020407926e-01
-4.354068877551020011e-01
-4.041422193877550195e-01
-2.891154336734693686e-01
-1.958711734693877327e-01
-2.455618622448979271e-01
-2.722372448979591963e-01
-3.438718112244897318e-01
-4.506913265306122240e-01
-2.615529336734693233e-01
-1.749190051020408088e-01
-1.444732142857142743e-01
-3.857602040816326405e-01
-1.873354591836734473e-01
-2.465631377551020242e-01
-3.367302295918367383e-01
-3.125733418367346306e-01
-2.831760204081631982e-01
-1.643488520408162845e-01
-2.155644132653061207e-01
-8.436607142857141528e-02
-2.115440051020407997e-01
-4.042525510204081352e-01
-1.624445153061224445e-01
-2.478386479591836444e-01
-2.799700255102040292e-02
-2.829770408163265194e-01
-8.327487244897957552e-02
-4.381211734693876703e-01
-2.973258928571427817e-01
-8.386096938775509935e-02
-2.827487244897958774e-01
-3.202079081632652757e-01
-1.477831632653060778e-01
-2.697633928571428474e-01
-2.786403061224489441e-01
-2.058099489795918169e-01
-5.043399234693877187e-01
-1.645095663265306041e-01
-1.194604591836734564e-01
-3.541339285714285023e-01
-1.501288265306122138e-01
-3.098124999999999352e-01
-4.316862244897958778e-01
-5.104215561224488829e-01
-6.028322704081632288e-01
-4.099661989795918005e-01
-1.222468112244897709e-01
-2.125357142857142445e-01
-4.387844387755101550e-01
-5.911332908163263733e-01
-2.163966836734693699e-01
-6.031339285714284459e-01
-2.254719387755101945e-01
-4.267589285714284975e-01
-2.814917091836734442e-01
-4.875261479591835867e-01
-6.674426020408162907e-01
-3.243928571428570939e-01
-2.211977040816326401e-01
-4.387627551020407690e-01
-2.877908163265305852e-01
-2.096588010204081254e-01
-2.182059948979591379e-01
-1.802059948979591597e-01
-6.943494897959182621e-01
-5.701511479591835768e-02
-1.022193877551020313e-01
-3.452117346938775033e-01
-2.487672193877550897e-01
-2.009107142857142758e-01
-2.979119897959183194e-01
-1.151364795918367184e-01
-1.553584183673469288e-01
-3.090082908163264697e-01
-1.474145408163265170e-01
-1.303201530612244918e-01
-2.938073979591835916e-01
-2.443507653061224305e-01
-1.927653061224489650e-01
-1.981957908163265170e-01
-4.662206632653060900e-01
-2.251932397959183485e-01
-2.594336734693877267e-01
-2.144853316326530424e-01
-3.715535714285713720e-01
-3.529508928571428172e-01
-3.258010204081632777e-01
-2.093596938775510174e-01
-1.001836734693877462e+00
1.348813775510203893e-02
-2.662920918367346901e-01
-3.140357142857142514e-01
-3.026039540816325979e-01
-3.652436224489795658e-01
-2.571026785714285445e-01
-4.208258928571428359e-01
-3.231294642857142629e-01
-1.429770408163265338e-01
-1.169036989795918247e-01
-5.674362244897958041e-01
-1.735389030612244921e-01
-8.890688775510202646e-02
-3.963909438775509719e-01
-1.143392857142856989e-01
-2.310580357142856811e-01
-2.592072704081632151e-01
-2.058711734693877415e-01
-2.386817602040816055e-01
-1.031702806122448829e-01
-2.528278061224489837e-01
-2.017359693877550653e-01
-1.981957908163265170e-01
-3.095108418367346625e-01
-2.533424744897958547e-01
-2.799700255102040569e-01
-3.682850765306122098e-01
-2.739859693877551017e-01
-7.518176020408162685e-01
-7.900701530612243007e-01
-8.327487244897957552e-02
-2.000886479591836298e-01
-4.327940051020407464e-01
-5.592914540816326108e-01
-3.559700255102040134e-01
-1.678278061224489637e-01
-3.634968112244897354e-01
-4.049948979591835863e-01
-6.632653061224489388e-01
-9.296747448979590656e-02
-1.543042091836734353e-01
-5.238762755102039925e-01
-2.232340561224489539e-01
-3.596881377551019998e-01
-1.065892857142856920e-01
-2.990854591836734078e-01
-1.069011479591836650e-01
-4.475248724489795382e-01
-2.832512755102040702e-01
-4.778411989795918191e-01
-5.752059948979590942e-01
-1.712410714285713953e-01
-5.453903061224488757e-01
-1.764751275510204054e-01
-1.330070153061224392e-01
-2.979572704081632217e-01
-2.280605867346938431e-01
-2.397978316326530579e-01
-1.325357142857142567e-01
-2.090554846938775246e-01
-3.313392857142856696e-01
-7.260140306122449261e-02
-3.295803571428571055e-01
-5.738845663265305236e-02
-2.498762755102040545e-01
-1.430918367346938613e-01
-1.878577806122448957e-01
-1.229279336734693667e-01
-5.131364795918366140e-01
-4.843871173469386782e-01
-1.805911989795918327e-01
-3.492149234693877058e-01
-1.113469387755101903e-01
-1.193596938775510069e-01
-1.978941326530611888e-01
-4.764336734693876974e-01
-3.065491071428571024e-01
-2.784744897959183230e-01
-1.629005102040816388e-01
-2.137174744897959167e-01
-6.691326530612243806e-01
-3.120280612244897833e-01
-2.226307397959183254e-01
-1.014540816326530426e-01
-4.090554846938774802e-01
-3.067959183673469314e-01
-2.966906887755101363e-01
-4.721026785714285134e-01
-2.527563775510203725e-01
-6.140108418367345999e-01
-4.967161989795917942e-01
-2.762021683673469563e-01
-6.050440051020407051e-01
-2.861683673469387346e-01
-2.803188775510203623e-01
-1.194604591836734564e-01
-4.334196428571428505e-01
-6.923278061224489299e-01
-6.868941326530610958e-01
-1.764751275510204054e-01
-2.464164540816326243e-01
-2.977920918367346625e-01
-4.890924744897958698e-01
-2.451326530612244481e-01
-4.181326530612244352e-01
-1.976887755102040845e-01
-3.292952806122448894e-01
-2.443507653061224305e-01
-1.982174744897959029e-01
-3.096332908163265119e-01
-1.434929846938775289e-01
-3.545197704081632373e-01
-3.176556122448979114e-01
-3.736651785714285023e-01
-4.140886479591835978e-01
-3.143329081632652566e-01
-8.268813775510203135e-02
-4.245835459183673333e-01
-1.055593112244897908e-01
-2.389209183673469128e-01
-4.818635204081632151e-01
-1.086001275510203867e-01
-2.470573979591836611e-01
-2.672799744897959018e-01
-1.284100765306122327e-01
-3.583807397959183350e-01
-3.325121173469387514e-01
-3.125733418367346306e-01
-4.732614795918366757e-01
-4.615510204081632040e-01
-8.441836734693876354e-02
-3.428954081632653028e-01
-4.442557397959183141e-01
-2.423309948979591455e-01
-5.131364795918366140e-01
-1.330350765306122229e-01
-3.428954081632653028e-01
-8.634183673469386644e-02
-2.480650510204081283e-01
-4.635535714285713982e-01
-3.371639030612244015e-01
-1.696919642857142585e-01
-2.412876275510203727e-01
-3.432289540816326201e-01
-1.729999999999999594e-01
-4.456957908163264870e-01
-6.490880102040815780e-01
-1.190478316326530478e-01
-1.999764030612244670e-01
-2.437474489795918020e-01
-2.276262755102040347e-01
-8.972576530612244583e-02
-1.900503826530611784e-01
-2.855267857142856913e-01
-2.908749999999999947e-01
-3.174540816326530401e-01
-2.562748724489795626e-01
-1.513016581632652680e-01
-2.432110969387754895e-01
-3.688718112244897540e-01
-3.323309948979591422e-01
-4.371160714285713400e-01
-5.381957908163265136e-01
-2.026218112244897729e-01
-3.109183673469387288e-01
-2.816568877551020034e-01
-1.737525510204081525e-01
-3.513418367346938243e-01
-9.207142857142856796e-02
-2.164961734693877093e-01
-1.812327806122448759e-01
-2.601753826530612268e-01
-8.688010204081630938e-02
-3.446045918367346417e-01
-3.618341836734693673e-01
-3.199323979591836564e-01
-2.987512755102040285e-01
-1.656154336734693699e-01
-6.760395408163264452e-01
-2.970210459183673102e-01
-2.429923469387754720e-01
-5.405880102040815371e-01
-3.802040816326530126e-01
-3.085051020408162703e-01
-4.474547193877550511e-01
-1.638488520408163118e-01
-2.090554846938775246e-01
-4.156811224489795342e-01
-2.443507653061224305e-01
-4.662206632653060900e-01
-5.578035714285713154e-02
-2.036135204081632455e-01
-2.443507653061224305e-01
-3.333998724489795618e-01
-1.644088010204081407e-01
-3.692410714285713769e-01
-3.186530612244897198e-01
-2.959355867346938895e-01
-5.891562499999999369e-01
-4.445331632653060777e-02
-4.451090561224489428e-01
-3.258010204081632777e-01
-5.512551020408162916e-01
-6.603316326530611624e-01
-5.430012755102040650e-02
-3.178514030612244468e-01
-2.579253826530611970e-01
-1.122984693877550899e-01
-3.600905612244897913e-01
-8.305931122448978465e-02
-3.103150510204081280e-01
-3.391702806122448566e-01
-1.552021683673469321e-01
-2.076479591836734584e-01
-5.158514030612244561e-01
-1.659170918367346703e-01
-3.766817602040815616e-01
-5.124323979591836054e-01
-1.900503826530611784e-01
-1.086001275510203867e-01
-3.285159438775510088e-01
-4.897844387755101447e-01
-3.013660714285714137e-01
-3.310484693877550622e-01
-2.137174744897959167e-01
-1.352831632653060945e-01
-1.174489795918367135e-01
-6.807653061224488988e-02
-3.902570153061223901e-01
-2.263667091836734369e-01
-1.038003826530612128e-01
-3.095108418367346625e-01
-1.384655612244897749e-01
-2.938073979591835916e-01
-1.728258928571428377e-01
-5.045446428571428443e-01
-1.808054846938775551e-01
-2.967391581632652375e-01
-3.692410714285713769e-01
-1.273035714285714048e-01
-1.436913265306122289e-01
-2.085146683673469170e-01
-3.141651785714285050e-01
-2.291683673469387672e-01
-1.592200255102040607e-01
-1.399853316326530317e-01
-2.263271683673468981e-01
-2.593335459183673253e-01
-4.724113520408162459e-01
-5.086109693877550741e-01
-1.918820153061224221e-01
-1.547551020408163003e-01
-1.383998724489795829e-01
-4.847117346938774607e-01
-1.626390306122448559e-01
-2.473673469387754620e-01
-1.677225765306122052e-01
-6.937627551020407735e-01
-2.214241071428570962e-01
-3.368954081632652975e-01
-4.191007653061223914e-01
-5.185663265306121872e-01
-1.716154336734693475e-01
-5.810114795918366326e-01
-3.760784438775509608e-01
-3.881116071428570846e-01
-4.583360969387754724e-01
-3.556658163265306039e-01
-1.542340561224489481e-01
-7.565624999999999434e-02
-2.085701530612244781e-01
-2.163966836734693699e-01
-1.483195153061224458e-01
-2.855969387755101785e-01
-3.359642857142856598e-01
-3.827684948979591661e-01
-2.865956632653060554e-01
-1.225663265306122240e-01
-2.652238520408162770e-01
-7.481377551020407246e-02
-2.534693877551020269e-01
-3.337448979591836062e-01
-1.823073979591836591e-01
-2.920478316326530766e-01
-1.624445153061224445e-01
-2.443507653061224305e-01
-9.852997448979590456e-02
-2.986179846938775140e-01
-1.941122448979591408e-01
-1.773858418367346701e-02
-9.500382653061223426e-02
-2.105325255102040716e-01
-2.843718112244897345e-01
-4.376186224489795329e-01
-2.573163265306122049e-01
-3.627806122448978821e-01
-2.789017857142856993e-01
-1.051492346938775330e-01
-3.087519132653060439e-01
-3.605229591836734415e-01
-2.949802295918366735e-01
-3.343482142857142625e-01
-4.531045918367346825e-01
-3.086970663265305448e-01
-1.940854591836734533e-01
-1.352831632653060945e-01
-6.492729591836734482e-01
-3.842238520408162716e-01
-3.305267857142856758e-01
-2.885943877551019887e-01
-2.609661989795917791e-01
-1.270019132653061045e-01
-2.149999999999999689e-01
-3.034789540816326334e-02
-9.031186224489794190e-02
-1.248903061224489602e-01
-3.141651785714285050e-01
-3.401358418367346759e-01
-6.390178571428569709e-01
-5.803073979591835130e-01
-3.118144132653060674e-01
-2.369221938775510072e-01
-1.884993622448979389e-01
-3.240911989795918213e-01
-8.660841836734692878e-01
-3.773858418367346257e-01
-2.630867346938774998e-01
-3.799642857142856989e-01
-2.083749999999999769e-01
-3.547716836734693402e-01
-4.210650510204081431e-01
-2.288647959183673086e-01
-4.072512755102040138e-01
-2.329878826530611957e-01
-6.349630102040815238e-01
-2.521696428571428283e-01
-2.220274234693877247e-01
-5.757557397959183199e-01
-1.493252551020408103e-01
-3.516434948979591524e-01
-1.932008928571428141e-01
-5.178380102040816002e-01
-2.796454081632652744e-01
-4.642659438775509351e-01
-2.002538265306122167e-01
-4.556651785714285197e-01
-5.185663265306121872e-01
-2.621390306122448610e-01
-2.733450255102040649e-01
-4.506913265306122240e-01
-2.436383928571428381e-01
-3.120280612244897833e-01
-7.142857142857141906e-01
-1.942735969387754946e-01
-2.306014030612244525e-01
-1.954802295918367239e-01
-2.458590561224489601e-01
-2.633558673469387768e-01
-3.119866071428570864e-01
-4.485331632653060674e-01
-9.265752551020406402e-02
-5.407059948979591191e-01
-2.769304846938775433e-01
-3.556658163265306039e-01
-3.490121173469387661e-01
-3.127283163265305865e-01
-1.547551020408163003e-01
-1.384655612244897749e-01
-2.635140306122448206e-01
-3.254751275510203712e-01
-4.116817602040815927e-01
-2.885293367346938864e-01
-4.323405612244897722e-01
-2.791766581632652566e-01
-1.952850765306122227e-01
-3.038501275510203659e-01
-4.421766581632652349e-01
-3.493309948979591573e-01
-1.791906887755101985e-01
-1.249119897959183462e-01
-2.513322704081632497e-01
-1.153373724489795832e-01
-1.167455357142856975e-01
-2.932206632653061029e-01
-2.801485969387754738e-01
-4.075765306122448584e-01
-9.031186224489794190e-02
-4.745286989795917676e-01
-2.891454081632652828e-01
-4.824668367346938158e-01
-3.330988520408162956e-01
-4.514955357142856340e-01
-1.880267857142857157e-01
-1.511262755102040500e-01
-2.579253826530611970e-01
-1.133265306122448884e-01
-2.567608418367346990e-01
-2.334904336734693608e-01
-4.193054846938775171e-01
-1.671275510204081327e-01
-4.369119897959182763e-01
-8.151530612244897722e-02
-6.019177295918366477e-01
-1.056843112244897909e-01
-6.685459183673468642e-02
-1.634942602040816151e-01
-1.466103316326530515e-01
-7.900701530612243007e-01
-2.699253826530612077e-01
-4.462665816326530366e-01
-2.287123724489795729e-01
-1.549566326530611993e-01
-4.943322704081631880e-01
-3.299559948979591262e-01
-2.795427295918366806e-01
-4.087499999999999467e-01
-2.241900510204081487e-01
-2.536830357142856873e-01
-2.260841836734693577e-01
-6.389859693877549818e-01
-3.882461734693877231e-01
-1.231524234693877340e-01
-1.018890306122448852e-01
-1.466103316326530515e-01
-7.180931122448978854e-02
-1.372066326530612113e-01
-6.240554846938774908e-02
-6.415688775510203223e-01
-1.737602040816326188e-01
-1.906154336734693644e-01
-2.162806122448979462e-01
-3.175637755102040383e-01
-4.067047193877550426e-01
-6.509502551020407424e-02
-4.250848214285714022e-01
-4.289713010204081467e-01
-7.672385204081633159e-02
-4.344011479591836644e-01
-4.507308673469387905e-01
-4.344011479591836783e-02
-4.733169642857142922e-01
-2.368086734693877482e-01
-4.561211734693877418e-01
-7.223660714285715101e-02
-1.919923469387755099e-01
-8.063584183673470074e-01
-2.932206632653061237e-02
-4.967455357142857436e-02
-2.172002551020408012e-01
-7.602040816326530170e-02
-9.963137755102040305e-02
-3.312308673469387399e-01
-2.986505102040816206e-01
-4.128992346938775704e-01
-7.737755102040816402e-01
-6.441581632653060607e-01
-8.437500000000000555e-02
-2.742155612244897567e-01
-1.428896683673469559e-01
-8.527359693877550884e-02
-1.307761479591836862e-01
-3.670286989795918525e-02
-1.466103316326530515e-01
-5.430012755102041344e-02
-6.790242346938776263e-01
-8.719706632653061174e-02
-6.978635204081632404e-01
-6.413647959183673697e-01
-1.935255102040816244e-01
-4.506913265306122796e-01
-4.208099489795918413e-01
-3.284075255102040375e-02
-2.244406887755102109e-01
-2.598360969387755182e-01
-4.462818877551020247e-01
-1.216613520408163368e-01
-2.036728316326530674e-01
-5.065108418367346432e-02
-4.716096938775510283e-01
-2.138820153061224416e-01
-1.671275510204081605e-01
-1.840108418367346899e-01
-6.435586734693878042e-02
-4.615510204081632595e-02
-6.780293367346938993e-01
-8.035778061224489732e-02
-2.721090561224490112e-01
-4.509732142857142967e-01
-3.801007653061224539e-02
-1.060873724489795888e+00
-2.005631377551020389e-01
-2.470656887755101894e-01
-8.773150510204080765e-01
-2.222289540816326514e-01
-4.748807397959183829e-01
-7.779336734693877153e-02
-3.307531887755101874e-01
-1.085688775510204040e-01
-4.696964285714285703e-01
-1.765306122448979664e-01
-8.192602040816326925e-01
-2.155095663265306216e-01
-2.497806122448979482e-01
-4.198922193877551168e-01
-4.530816326530612281e-02
-2.210886479591836762e-01
-2.634802295918367010e-01
-1.383998724489796106e-01
-3.382723214285713875e-01
-3.436549744897959280e-01
-4.362110969387755222e-01
-2.519732142857142865e-01
-7.913711734693876232e-02
-8.944196428571428437e-02
-2.359974489795918506e-01
-2.609496173469387781e-01
-4.345529336734693659e-01
-6.392219387755102566e-01
-1.518883928571428676e-01
-2.363718112244898029e-01
-3.610956632653061216e-01
-1.058852040816326556e-01
-4.480414540816326507e-01
-2.687123724489796084e-01
-3.077608418367346887e-01
-1.869330357142857113e-01
-2.038864795918367279e-01
-1.886428571428571399e-01
-1.567991071428571637e-01
-3.207729591836734617e-02
-2.128628826530612195e-01
-6.733227040816327502e-01
-2.459598214285714235e-01
-4.180318877551020273e-01
-3.823411989795917898e-01
-1.444732142857143020e-01
-2.389209183673469405e-01
-1.920618622448979629e-01
-2.742155612244897567e-01
-9.230994897959184098e-02
-1.653762755102040627e-01
-6.503954081632653539e-01
-1.857206632653061185e-01
-1.495427295918367316e-01
-1.290172193877550944e-01
-2.803979591836734953e-01
-4.242295918367346985e-01
-3.973010204081632857e-01
-2.002538265306122445e-01
-1.130248724489795881e-01
-6.774872448979592232e-02
-2.307755102040816297e-01
-3.800140306122448686e-01
-4.260625000000000107e-01
-1.400739795918367336e-01
-6.568176020408162952e-01
-9.031186224489795578e-02
-3.783915816326530734e-01
-1.303679846938775484e-02
-1.981160714285714330e-01
-1.384655612244897749e-01
-2.382002551020408199e-01
-1.874209183673469503e-01
-7.420280612244898322e-01
-4.874904336734693922e-01
-1.642034438775510363e-01
-1.025848214285714211e-01
-1.221753826530612291e-01
-5.043399234693877325e-02
-1.096645408163265251e-01
-1.132155612244897913e+00
-3.801007653061224123e-01
-5.179630102040816420e-01
-2.205019132653061043e-01
-3.464362244897958854e-01
-2.592072704081632706e-01
-4.569285714285714617e-01
-1.954068877551020378e-01
-1.862295918367346814e-01
-1.559936224489796019e-01
-1.014610969387755163e-01
-2.840784438775510456e-01
-2.412295918367347025e-01
-9.615114795918366930e-01
-1.169036989795918385e-01
-1.254987244897959042e-01
-2.081868622448979633e-01
-6.774872448979592232e-02
-2.543239795918367241e-02
-3.706307397959183736e-01
-3.118144132653061229e-01
-3.991058673469387585e-01
-1.981957908163265447e-01
-6.112327806122449386e-02
-1.132704081632653070e-01
-1.672633928571428674e-01
-2.715006377551020672e-02
-6.248539540816325788e-01
-2.741996173469387621e-01
-2.117704081632653113e-01
-5.701511479591836462e-02
-5.701511479591836462e-02
-2.474783163265306118e-01
-3.240631377551020931e-01
-3.312308673469387399e-01
-2.358322704081632637e-01
-8.328571428571428514e-01
-2.063405612244897935e-01
-1.476160714285714159e-01
-1.061460459183673349e-01
-1.731014030612244847e-01
-3.203705357142856980e-01
-2.428820153061224396e-02
-5.060988520408162827e-01
-2.181530612244897971e-01
-2.959355867346938895e-01
-3.630070153061224492e-01
-8.756951530612244045e-03
-2.932206632653061029e-01
-5.422021683673469150e-01
-7.629145408163264808e-01
-9.015816326530612379e-02
-8.779017857142856762e-02
-1.878616071428571566e-01
-4.344011479591836783e-02
-2.868093112244898268e-01
-1.738176020408163380e-01
-1.161154336734693954e-01
-6.353118622448979957e-01
-2.257799744897959204e-01
-4.425459183673469132e-01
-3.136332908163265709e-01
-1.737602040816326465e-01
-2.607353316326530557e-01
-3.122257653061224492e-01
-5.489094387755101279e-01
-4.398309948979591821e-01
-3.571428571428571508e-01
-4.506913265306122796e-01
-3.584043367346938513e-01
-3.828156887755101989e-01
-4.034719387755101860e-01
-1.129445153061224616e+00
-3.311301020408163320e-01
-5.167563775510204405e-01
-1.938418367346938787e-01
-1.575707908163265225e-01
-8.959502551020408212e-02
-2.011084183673469417e-01
-3.425682397959183695e-02
-1.910012755102040993e-01
-2.184834183673469432e-01
-4.527327806122449227e-01
-1.357506377551020472e-02
-1.806237244897959116e-01
-2.579253826530611970e-01
-6.427295918367346983e-02
-5.701511479591836462e-02
-4.851390306122448787e-02
-3.581906887755102464e-01
-3.334253826530612086e-01
-6.553954081632654138e-02
-1.237423469387755048e-01
-7.950318877551020014e-02
-3.700446428571428914e-01
-5.720618622448979673e-01
-2.486096938775509968e-01
-1.767366071428571328e-01
-4.464566326530611806e-01
-8.219579081632653050e-01
-6.435586734693878042e-02
-4.906116071428571201e-01
-9.230994897959184098e-02
-3.550701530612244694e-01
-4.588360969387755284e-01
-4.565235969387754916e-02
-1.476792091836734711e-01
-2.378679846938775433e-01
-1.791906887755101985e-01
-2.644853316326530868e-01
-1.374126275510204054e-01
-2.003086734693877713e-01
-5.842289540816326954e-02
-5.701511479591836462e-01
-6.439158163265306101e-01
-3.095108418367347181e-01
-6.108762755102041808e-01
-3.250644132653061624e-01
-1.469119897959183518e-01
-9.852232142857142438e-02
-2.213233418367346883e-01
-6.040656887755102566e-01
-3.388730867346938513e-01
-2.468915816326530677e-01
-1.564413265306122403e-01
-6.561160714285714513e-02
-3.866154336734693997e-01
-9.371811224489795533e-02
-6.913775510204080987e-01
-2.907971938775509857e-01
-5.855867346938775642e-02
-6.410778061224489677e-02
-5.381415816326530210e-01
-1.729999999999999871e-01
-1.847213010204081518e-01
-2.491951530612245003e-01
-5.802072704081632365e-02
-1.971900510204081802e-01
-1.274993622448979680e-01
-5.620063775510204529e-01
-6.787500000000000477e-02
-9.258163265306121881e-01
-1.126224489795918382e-01
-3.075395408163265620e-01
-3.109183673469387843e-01
-1.005070153061224492e+00
-2.659036989795918182e-01
-5.096116071428571370e-01
-1.021645408163265323e-01
-1.127232142857142877e-01
-5.231811224489795187e-01
-2.199158163265306221e-01
-3.312308673469387399e-01
-4.556651785714285752e-01
-5.214713010204081733e-01
-1.676262755102040924e-01
-3.149406887755102358e-01
-2.749910714285714319e-01
-1.900070153061224343e-01
-9.177168367346938416e-01
-6.112327806122449386e-02
-9.919068877551019681e-02
-1.024400510204081655e-01
-6.920025510204080854e-02
-4.642659438775509906e-01
-1.574706632653061211e-01
-1.703329081632653230e-01
-2.036256377551020347e-01
-8.236670918367346994e-01
-1.840108418367346899e-01
-1.221753826530612291e-01
-6.719260204081631827e-01
-1.305816326530612193e-01
-5.212812500000000293e-01
-3.872563775510204365e-01
-1.753463010204081574e-01
-2.617468112244897838e-01
-2.731179846938775468e-01
-1.895676020408163243e-01
-4.208258928571428914e-01
-8.327487244897958940e-02
-3.035778061224490010e-01
-1.308035714285714357e-01
-1.231524234693877687e-02
-3.686632653061224785e-01
-2.398545918367346874e-01
-7.177678571428571797e-01
-8.562053571428571153e-02
-3.176556122448979669e-01
-2.565956632653061398e-01
-2.524955357142857348e-01
-7.389158163265305279e-02
-9.969515306122449239e-02
-6.202091836734693331e-01
-4.134413265306122742e-01
-5.725497448979591786e-01
-4.887015306122449027e-02
-7.611415816326530526e-02
-3.885389030612244610e-01
-2.134649234693877518e-01
-4.920427295918367028e-01
-2.850758928571428541e-01
-1.248903061224489741e-01
-1.179521683673469407e-01
-9.160650510204082497e-02
-1.213934948979591838e-01
-7.817283163265306145e-01
-3.421619897959183865e-01
-1.531466836734693970e-01
-2.655676020408163640e-01
-7.084757653061224403e-01
-8.206760204081632593e-02
-5.354209183673469541e-01
-6.224406887755101758e-02
-8.175191326530611979e-02
-3.529508928571428727e-02
-1.788845663265306030e-01
-1.272576530612244960e-01
-3.502359693877550861e-01
-1.450682397959183745e-01
-2.660784438775509742e-01
-1.132257653061224528e-01
-2.500497448979591836e-02
-1.656154336734693699e-01
-2.496562499999999962e-01
-7.411734693877550795e-01
-8.210204081632652140e-02
-5.962723214285714501e-02
-4.376186224489795884e-01
-5.225401785714285374e-01
-9.009821428571428148e-02
-1.574706632653061211e-01
-5.805771683673469769e-02
-2.002538265306122445e-01
-5.841288265306121552e-01
-5.395261479591836884e-02
-2.460599489795918249e-01
-1.772869897959183649e-01
-2.975446428571428825e-01
-2.905057397959183718e-01
-3.529508928571428727e-02
-1.750350765306122602e-01
-1.510165816326530519e-01
-4.398309948979591683e-02
-1.387895408163265232e-01
-3.190242346938775841e-01
-2.606409438775509901e-01
-5.631122448979591910e-02
-1.869253826530612173e-01
-2.939247448979591670e-01
-2.310286989795918566e-01
-1.113150510204081733e-01
-2.241390306122449105e-01
-2.295331632653061227e-01
-2.835676020408163522e-02
-1.397716836734693713e-01
-3.204279336734693895e-01
-6.568176020408163229e-02
-2.454151785714285827e-01
-1.031702806122448968e-01
-5.158514030612244838e-02
-4.072512755102040694e-01
-3.355184948979592074e-01
7.266390306122448746e-03
-1.829700255102040818e-01
-5.770586734693877728e-01
-4.339929846938775926e-01
-2.769304846938775988e-01
-2.337391581632653204e-01
-2.489808673469387779e-01
-1.037621173469387703e-01
-4.887015306122449027e-02
-4.479764030612244929e-01
-3.590459183673469501e-01
-1.493252551020408103e-01
-1.282308673469387816e-01
-2.307755102040816297e-01
-8.389349489795918657e-01
-1.075618622448979572e-01
-3.588705357142857322e-01
-2.128769132653061114e-01
-4.268335459183673214e-02
-4.439068877551020920e-02
-2.621581632653061447e-02
-3.378316326530612090e-01
-2.686020408163265483e-01
-8.794961734693877986e-01
-5.199107142857142816e-02
-2.554119897959183580e-02
-2.496224489795918211e-01
4.398309948979591683e-02
-3.285159438775510088e-01
-7.178061224489796777e-01
-7.330548469387755672e-02
-2.943934948979591848e-01
-1.384655612244897749e-01
-3.618239795918367085e-01
-3.426938775510203761e-01
-5.628105867346939739e-01
-7.873533163265306056e-02
-8.416517857142857828e-02
-1.761033163265306178e-01
-2.216249999999999887e-01
-1.900503826530612062e-01
-1.185554846938775553e-01
-5.903628826530611384e-01
-2.303877551020408199e-01
-7.095408163265305712e-02
-2.428424744897959286e-01
-3.870516581632653108e-01
-3.838373724489795857e-01
-2.935223214285714310e-01
-1.184610969387755175e-01
-1.177576530612244987e+00
-2.304713010204081647e-01
-3.919585459183673182e-01
-3.998099489795918782e-01
-2.656581632653061686e-01
-2.389209183673469405e-01
-3.494528061224490001e-01
-2.088456632653060974e-01
-3.163488520408163640e-01
-1.865758928571428776e-01
-1.972614795918367359e-01
-1.547315051020408116e-01
-3.119866071428571419e-01
-3.472193877551020269e-01
-2.229445153061224427e-01
-5.623973214285713507e-01
-5.430012755102041344e-02
-1.571664540816326561e-01
-2.052544642857142762e-02
-3.058303571428571677e-01
-2.017404336734693882e-01
-1.700682397959183551e-02
-1.042940051020408154e-01
-2.029521683673469468e-01
-2.451326530612244758e-01
-7.461224489795918735e-02
-8.688010204081632326e-02
-2.470656887755101894e-01
-8.034247448979592310e-02
-2.331887755102040882e-01
-3.663609693877550866e-01
-2.932206632653061237e-02
-4.615510204081632595e-02
-9.211224489795917514e-02
-1.729559948979591810e-01
-5.105478316326530486e-01
-1.927653061224489650e-01
-2.853131377551020309e-01
-3.209738520408162987e-01
-3.061224489795918435e-01
-2.115440051020408274e-01
-2.140510204081632895e-01
-1.729999999999999871e-01
-5.098182397959183376e-02
-7.520599489795918302e-01
-4.146919642857142541e-01
-2.148877551020408061e-01
-3.492149234693877058e-01
-1.716154336734693753e-01
-3.753227040816326660e-02
-2.011084183673469417e-01
-3.539139030612244996e-01
-3.647665816326530752e-01
-3.972789115646258029e-01
-5.039054421768706521e-02
-5.165394557823128618e-01
-1.559414965986394563e-01
-3.222979591836734325e-01
-1.789979591836734496e-01
-7.745986394557823063e-02
-1.035721088435374027e-01
-9.784285714285713420e-02
-4.232802721088435027e-01
-3.446714285714284898e-02
-1.603993197278911209e-01
-1.665972789115646169e-01
-2.771476190476190316e-01
-1.895156462585034091e-02
-6.953877551020407055e-02
-6.661319727891155951e-02
-4.347476190476189939e-01
-4.365102040816325885e-02
-4.186965986394557832e-02
-2.903156462585033612e-02
-3.179891156462584245e-01
-7.848231292517006408e-02
-1.791659863945577746e-01
-3.464088435374149122e-01
-1.063802721088435155e-01
-3.431108843537414299e-01
-4.085380952380952002e-01
-3.631646258503400948e-01
-7.921360544217687094e-02
-1.972074829931972362e-01
-7.602653061224488862e-02
-4.156931972789115054e-02
-4.227204081632652266e-01
-1.313387755102040644e-01
-4.003244897959183368e-01
-3.660054421768706850e-02
-6.409673469387754119e-02
-5.581251700680271988e-01
-3.606081632653060365e-01
-2.713414965986394312e-01
-2.606938775510203588e-01
-8.405170068027209562e-02
-3.891265306122448364e-01
-3.412999999999999368e-02
-5.090469387755101188e-02
-6.791931972789114202e-02
-3.452761904761904588e-01
-2.169326530612244661e-02
-2.248911564625850068e-01
-2.835979591836734759e-01
-2.575517006802721109e-01
-3.803476190476189900e-01
-4.479156462585033582e-02
-1.263795918367346671e-01
-4.518557823129251139e-01
-3.942557823129251293e-01
-2.783231292517006628e-01
-4.402115646258502601e-01
-1.707680272108843267e-01
-3.457299319727890619e-01
-4.199210884353740680e-02
-2.902496598639455264e-02
-2.447027210884353543e-01
-4.514408163265306029e-01
-5.128020408163264099e-02
-1.203204081632652939e-01
-2.263163265306122052e-01
-4.736176870748298739e-02
-3.888136054421768573e-01
-6.148231292517005592e-02
-4.275129251700679478e-01
-4.164884353741495904e-01
-6.693877551020407379e-01
-1.544897959183673224e-02
-1.953530612244897685e-02
-5.323945578231291664e-01
-6.373394557823127693e-01
-8.398435374149658406e-02
-2.418748299319727416e-02
-2.260312925170067724e-02
-4.209006802721088070e-02
-2.364326530612244626e-01
-2.004074829931972446e-01
-2.745278911564625335e-01
-3.930462585034013440e-02
-6.349204081632651986e-02
-2.775510204081632071e-01
-8.137823129251699206e-02
-2.323564625850339793e-01
-2.583884353741496345e-02
-1.330312925170067974e-02
-1.119789115646258326e-01
-5.020122448979590785e-02
-3.947258503401360197e-01
-2.771476190476190316e-01
-2.578292517006802384e-02
-5.042836734693877110e-02
-1.707680272108843267e-01
-2.608693877551020446e-01
-1.002006802721088219e+00
-1.709340136054421366e-02
-5.931972789115645961e-01
-1.232312925170067977e-02
-2.040598639455782071e-01
-2.182551020408163012e-01
-1.567707482993197232e-01
-3.229027210884353183e-01
-4.648727891156462233e-01
-3.856414965986394022e-02
-2.981959183673468794e-01
-4.196687074829931474e-02
-3.626870748299319547e-01
-2.880190476190475635e-01
-4.520380952380951417e-02
-5.291006802721087698e-01
-1.822435374149659615e-01
-9.795918367346936884e-02
-4.964469387755101604e-01
-2.684068027210884111e-01
-4.407333333333333307e-04
-7.558571428571426998e-02
-4.861680272108843126e-01
-3.114136054421768329e-01
-4.037115646258503388e-01
-4.870047619047618848e-01
-3.085136054421768262e-02
-4.737884353741496357e-02
-3.160061224489795761e-01
-1.701231292517006444e-01
-2.116401360544217444e-02
-4.160523809523808958e-01
-1.763666666666666438e-01
-2.739156462585033425e-01
-3.470897959183673054e-01
-1.277387755102040723e-01
0.000000000000000000e+00
-5.039054421768706521e-02
-5.925925170068026271e-02
-2.622367346938775379e-01
-1.687074829931972664e-01
-2.974700680272108766e-01
-2.511231292517006608e-01
-2.223843537414965932e-01
-1.123870748299319634e-02
-4.111863945578230622e-02
-3.356006802721088200e-01
-3.835278911564625193e-01
-6.167802721088434803e-02
-2.242020408163264977e-01
-2.364326530612244626e-01
-2.509448979591836215e-01
-3.022863945578230793e-01
-1.886619047619047251e-01
-5.099625850340135103e-02
-2.485734693877550971e-01
-2.393034013605442045e-01
-5.792448979591836161e-02
-2.141081632653061007e-01
-2.328340136054421472e-02
-4.098639455782312480e-01
-2.267571428571428238e-01
-3.919265306122448472e-02
-2.644401360544217094e-02
-1.482183673469387487e-02
-2.127598639455782203e-01
-3.112020408163265195e-01
-7.377142857142857113e-02
-1.140523809523809329e-01
-1.812401360544217410e-01
-5.077414965986394302e-01
-9.217551020408162876e-02
-2.651204081632652643e-01
-4.619129251700679895e-01
-3.779292517006802576e-01
-3.459571428571427965e-01
-3.845802721088434906e-01
-2.551517006802720977e-01
-1.676993197278911218e-01
-1.229646258503401118e-01
-2.104789115646258160e-02
-4.746789115646257717e-01
-1.892952380952380720e-01
-7.479999999999998872e-01
-5.125183673469387857e-01
-5.957136054421767468e-02
-3.948598639455781489e-01
-2.649129251700679810e-01
-5.200299319727890585e-02
-8.118503401360543936e-02
-3.933183673469387021e-01
-3.896081632653060622e-01
-3.894176870748298769e-01
-6.591081632653060518e-02
-3.029476190476190212e-01
-2.765605442176870543e-01
-1.498496598639455571e-02
-5.288802721088434744e-01
-1.788551020408163106e-01
-1.652748299319727748e-02
-5.782421768707481924e-01
-1.287755102040816224e-01
-3.371612244897959076e-01
-3.023428571428571007e-02
-7.961768707482992646e-02
-2.956918367346938470e-01
-2.220442176870747811e-02
-5.015204081632652633e-01
-3.060911564625850081e-02
-5.291006802721087698e-01
-2.481326530612244785e-01
-2.233360544217686816e-01
-5.376945578231291378e-01
-5.039054421768706521e-02
-3.209027210884353720e-01
-4.087231292517006231e-01
-2.479210884353741373e-02
-2.070571428571428285e-01
-4.282156462585033629e-02
-6.133748299319727870e-01
-1.527265306122448651e-01
-6.070714285714284841e-02
-3.827666666666666440e-01
-2.164775510204081099e-01
-1.381700680272108517e-01
-2.408408163265305935e-01
-1.747544217687074519e-01
-2.882421768707482679e-02
-2.468040816326530218e-01
-2.603510204081632140e-01
-4.276190476190475792e-02
-3.629442176870747438e-01
-3.445428571428570952e-01
-1.832197278911564253e-01
-2.913244897959183510e-01
-6.718734693877549680e-02
-3.618578231292517156e-02
-2.482238095238094855e-01
-1.688326530612244691e-01
-4.655421768707482810e-01
-3.566333333333332467e-02
-1.862102040816326354e-01
-4.647129251700679586e-01
-5.299523809523809526e-01
-2.960183673469387600e-01
-1.710789115646258463e-01
-4.789115646258502723e-01
-4.458421768707482302e-01
-2.769462585034013213e-01
-9.642653061224490049e-03
-3.897979591836733815e-01
-6.099748299319726064e-01
-2.556251700680271799e-02
-3.574346938775509464e-01
-2.199258503401360088e-01
-2.303857142857142493e-01
-4.055088435374148981e-01
-4.199210884353740680e-02
-3.258795918367346500e-01
-1.623693877551020126e-01
-5.281918367346938314e-01
-9.735442176870746922e-02
-5.291006802721087698e-01
-2.866870748299319427e-01
-3.023428571428571007e-02
-5.405897959183673107e-01
-5.592904761904761157e-01
-1.152517006802721011e-01
-2.231292517006802367e-01
-2.544136054421768448e-02
-4.199210884353740680e-02
-2.158727891156462242e-01
-2.078870748299319615e-01
-1.566136054421768398e-01
-3.639312925170067742e-02
-4.826034013605441653e-02
-1.623693877551020126e-01
-4.759102040816325790e-02
-3.919265306122448472e-02
-2.757367346938774944e-01
-2.351557823129251379e-01
-5.878897959183672361e-02
-2.103455782312924904e-01
-5.235013605442175866e-01
-1.446979591836734524e-01
-5.514965986394556596e-01
-8.533197278911563988e-02
-1.994319727891156191e-01
-5.039054421768706521e-02
-1.179925170068027024e-01
-4.136285714285714010e-01
-1.751931972789115555e-01
-3.085136054421768192e-01
-1.419435374149659868e-01
-9.674965986394556960e-02
-2.125523809523809093e-02
-2.239578231292516791e-02
-2.122448979591836371e-01
-5.598945578231292464e-01
-6.684034013605441582e-02
-5.039054421768706521e-02
-2.763414965986394356e-01
-2.636435374149659339e-01
-4.703809523809523441e-01
-3.034448979591836681e-01
-1.402870748299319403e-01
-1.819659863945577993e-01
-2.594108843537414888e-01
-1.502380952380952261e-01
-2.862564625850340105e-01
-3.525265306122449260e-02
0.000000000000000000e+00
-4.240687074829931069e-02
-6.776278911564624918e-01
-3.744034013605441191e-01
-3.695306122448979158e-01
-3.009802721088434760e-02
-2.730346938775509713e-01
-3.677918367346938444e-01
-3.667312925170067572e-01
-1.269843537414965841e-02
-1.033557823129251513e-01
-3.117782312925169719e-01
-4.610836734693877226e-01
-1.337523809523809455e-02
-5.548258503401360536e-02
-4.199210884353740680e-02
-2.725857142857142715e-02
-3.201748299319727153e-01
-2.703142857142857083e-02
-1.269843537414965841e-02
-2.098258503401360386e-01
-1.403884353741496338e-01
-2.267571428571428238e-01
-2.584904761904761594e-01
-2.948510204081632446e-01
-1.657911564625850209e-01
-1.626605442176870531e-01
-3.108047619047618615e-01
-3.141551020408162587e-01
-1.046108843537414818e-01
-3.047619047619047339e-01
-4.296068027210884210e-01
-3.415360544217686534e-01
-3.499340136054421291e-01
-2.402163265306122078e-02
-4.313265306122448378e-02
-3.993918367346938614e-01
-5.878897959183672361e-02
0.000000000000000000e+00
-3.835510204081631902e-01
-3.706727891156462174e-01
-3.779292517006802576e-01
-2.539680272108842951e-01
-8.197619047619046639e-02
-3.591979591836733793e-02
-2.127598639455782203e-01
-7.961768707482992646e-02
-2.775625850340135981e-01
-1.959210884353741397e-02
-3.975210884353741481e-01
-3.023428571428571007e-02
-3.597843537414965875e-02
-2.956918367346938470e-01
-3.667312925170067572e-01
-4.759102040816325790e-02
-2.728142857142856759e-01
-2.999585034013605434e-01
-4.471238095238094790e-01
-1.679687074829931681e-02
-1.017142857142857015e-01
-3.443102040816325982e-01
-1.432380952380952165e-02
-3.051428571428571046e-01
-2.225244897959183510e-01
-5.563115646258502689e-02
-4.532034013605441558e-01
-2.587108843537414549e-01
-4.824428571428570622e-01
-4.625442176870747657e-01
-2.129673469387754758e-01
-3.952496598639455849e-02
-5.509170068027210432e-01
-2.218170068027210673e-01
-1.455727891156462506e-01
-4.143217687074829403e-01
-3.478877551020407854e-01
-4.553285714285713603e-01
-1.512755102040816146e-01
-2.234639455782312656e-01
-4.603578231292516226e-02
-4.269714285714285018e-01
-6.046863945578230259e-01
-4.363258503401359900e-01
-7.838503401360542855e-02
-2.930877551020407909e-02
-3.779292517006802576e-01
-2.312156462585033753e-02
-4.451163265306121719e-01
-2.426238095238094916e-01
-2.974591836734693517e-01
-1.845578231292516885e-02
-3.607789115646257705e-01
-4.297204081632652883e-01
-2.878306122448979210e-01
-1.674129251700680054e-01
-2.198102040816326055e-02
-3.611319727891156295e-01
-7.338231292517005677e-02
-2.430836734693877232e-01
-2.351557823129251379e-01
-2.659503401360543973e-01
-5.170068027210883432e-01
-4.713462585034013108e-02
-1.511714285714285504e-02
-3.434619047619047461e-01
-1.650795918367346793e-01
-7.139863945578230064e-02
-3.883782312925169733e-01
-1.620557823129251396e-01
-1.202782312925169822e-01
-2.401999999999999691e-01
-9.806326530612242964e-02
-8.512448979591835663e-02
-7.331632653061224136e-01
-1.521938775510204012e-01
-2.913258503401360347e-02
-1.187448979591836512e-01
-5.139836734693876974e-02
-3.120183673469387187e-01
-1.775217687074829853e-01
-2.001102040816326311e-01
-2.728142857142856759e-01
-1.265823129251700541e-01
-2.557823129251700633e-01
-2.918707482993196933e-01
-1.318632653061224402e-01
-5.502646258503400556e-02
-2.470312925170067841e-01
-9.281564625850339256e-01
-1.716659863945577957e-01
-3.628115646258502913e-01
-3.185850340136053838e-01
-1.753591836734693862e-02
-3.583367346938774733e-02
-3.489666666666666472e-01
-2.707197278911564475e-01
-1.707680272108843267e-01
-8.344693877551019601e-02
-3.118190476190475513e-01
-7.377142857142857113e-02
-3.170659863945577972e-01
-1.560088435374149540e-01
-2.134857142857142509e-01
0.000000000000000000e+00
-5.300340136054421114e-01
0.000000000000000000e+00
-2.291761904761904500e-01
-1.410102040816326417e-02
-2.721707482993196980e-01
-3.759414965986394158e-02
-1.993850340136054111e-01
-1.819659863945577993e-01
-3.919265306122448056e-01
-3.387360544217686842e-01
-4.831687074829931622e-02
-3.019027210884353551e-01
-2.721088435374149211e-02
-3.675367346938774871e-01
-4.870102040816325917e-01
-5.244346938775509281e-01
-6.060088435374148819e-02
-3.108455782312924964e-01
-1.374285714285714173e-02
-3.305503401360544019e-02
-6.438789115646256778e-02
-2.882394557823128589e-01
-1.256088435374149576e-02
-3.331374149659863670e-01
-4.143870748299319229e-01
-4.107632653061223937e-01
-2.379551020408162965e-01
-3.942360544217686780e-01
-2.043836734693877388e-01
-3.420088435374148972e-01
-5.567843537414964711e-02
0.000000000000000000e+00
-1.940965986394557474e-01
-3.509707482993197347e-01
-1.875646258503400887e-01
-5.985163265306121527e-01
-3.225598639455781735e-02
-3.891265306122448364e-01
-4.980285714285713483e-02
-4.003244897959183368e-01
0.000000000000000000e+00
-2.519523809523809346e-02
-5.817680272108842476e-02
-1.360544217687074675e-01
-3.499340136054421291e-01
