-1.005309688219292730e-02
-2.787197243147101489e-01
-2.607223660807700405e-02
-1.390641347562251440e-01
-1.145859489432935752e-01
-5.052704540698891439e-02
-4.140575957313245847e-02
-1.390288240217618827e-02
-7.499673048754969262e-02
-1.215029294831554765e-02
-4.220679012345678743e-02
-4.782152385436283515e-02
-1.362932229545930083e-03
-2.271624555346306567e-03
-8.825198786356978908e-02
-1.554048310315965520e-01
-5.554542006695961653e-02
-4.676612523540489737e-03
-2.141694130571249188e-02
-4.489171374764595185e-02
-1.370507689893283101e-02
-8.488046662481691859e-03
-4.982573498639882720e-02
-2.198926946013810349e-02
-5.712982580037664730e-03
-3.787828259050010637e-03
-5.595541692822765534e-02
-8.651718455743881084e-03
-6.000797761037873768e-03
-1.533705403850178089e-02
-3.509658139778195490e-02
-8.966474419334588553e-02
2.453608887842644720e-02
-4.472366080770034946e-01
-1.675641478342749374e-03
-2.557615348399246841e-02
1.570879760410127599e-02
-5.723575800376648481e-02
-1.784418157564343910e-01
-4.425939003975726954e-02
1.306336969031177998e-02
-1.187150162167817519e-01
-2.119360091023226450e-02
-1.041614354467461923e-01
-1.037779216363255829e-03
-2.498411016949152533e-02
-4.691717671060891687e-02
-9.988393230801421302e-03
-4.568653222431470762e-02
3.190315050219710759e-04
-5.208202552835321242e-02
-3.822550481272233083e-03
-2.020650240636116257e-01
-2.483750523121992099e-02
-2.807952108181627909e-02
-8.996717409499897095e-03
1.267835190416405008e-03
2.783901574597195949e-02
-3.300311257585268609e-02
-8.758762293366813279e-03
-1.260874398409708996e-01
-7.758128007951453631e-02
-1.646431654111738690e-04
-6.199093691148775502e-03
-9.033957156308851724e-03
-1.005453546767106077e-01
-6.670524691358023506e-02
-2.904409264490479328e-02
-1.314144564762502465e-01
-6.786559688219293007e-02
8.107279242519356381e-04
-9.684982475413266012e-02
5.845626700146473384e-04
-6.017276103787402505e-03
-3.299755440468716758e-03
-3.434917085164260753e-01
-5.189304770872567307e-02
-1.060669073027830089e-01
-2.908993120945804756e-02
-1.093086288972588450e-02
-9.233822452395898384e-02
-2.258284944549068460e-03
-1.375549278091651138e-02
-1.620540385017786023e-01
1.826970862105042762e-03
-3.580018047708725774e-03
-1.547054823184766843e-03
-1.209556130989746826e-02
-3.470097039129525079e-02
-1.769590918602218302e-02
-1.921008579200669504e-03
-2.818375313873195190e-02
-1.052197766269093865e-01
-4.038828729859803186e-03
-8.986091494036408875e-03
-2.800281831973216659e-02
-1.508167242100857952e-02
-4.268413894120108229e-03
-1.439831162377066265e-01
-9.286952029713330115e-02
-8.760070098346933731e-02
-5.775528353211969307e-02
-1.051782538187905486e-01
-4.616093848085373041e-02
-5.122900973006904758e-03
-7.878184505126596682e-02
-3.112945307595731126e-02
-1.199976459510357883e-02
-2.550232789286461729e-02
-4.350315181000209697e-02
3.934302416823604043e-03
-4.117623979912114762e-02
-4.856174147311152767e-02
8.898533950617284680e-04
-4.470862105042896356e-02
-2.819261351747227168e-02
4.016857606193764571e-05
-3.314337465997070024e-03
-2.164799775057543556e-03
-2.307507454488386817e-02
-1.104464192299644230e-02
3.311362209667293929e-03
-4.190795668549906344e-02
1.978211969031177901e-03
-1.307775554509311711e-01
-5.858704749947687453e-03
-1.442871808955848434e-01
-2.507147154216362792e-02
-7.307262241054614249e-02
-1.978591232475412909e-02
-3.339806967984934594e-02
-3.774750209248797003e-03
-2.816975962544465348e-02
-2.954069889098137613e-02
-6.424951611215735069e-03
-6.435708307177233356e-02
3.524926762921112844e-03
-2.094119454906884052e-03
8.641059845155889263e-03
1.207996573550952114e-02
-4.490184923624188779e-03
-3.915175768989328370e-02
-1.018381198995605905e-02
-1.195680320150658985e-03
-8.932471489851433188e-02
-4.863465160075329530e-02
-5.173611111111110772e-02
-9.647284996861267559e-02
-1.031083254865034632e-02
-9.759985091023226644e-02
-5.430333228708934118e-02
-1.436169308432726395e-02
-2.481190494873404279e-03
1.660621338146055573e-03
-1.856779007114459090e-02
-7.399299016530654083e-02
-5.407675507428332667e-02
-1.106049905838041303e-01
-1.299595234358652367e-02
-1.892979048964218633e-02
-4.236797708725674981e-03
-1.269329357606193698e-01
-2.045004838878426365e-02
-3.369134494664155488e-02
-1.026329383762293428e-02
-1.088401077631303560e-01
-2.568636874869219613e-03
-1.171234175559740381e-01
-3.834091860221803399e-02
-6.326702762084117360e-02
-1.215300664364929797e-02
1.438287952500522972e-02
-1.258942116551579719e-02
-1.797600831763967316e-02
3.917497122829043631e-03
-4.118801004394224974e-02
8.518878164888051691e-03
-1.531223843900397508e-01
-2.711118957940992225e-01
-5.048911906256538240e-03
-9.959359960242727960e-02
-1.885151836158192179e-02
-3.891798754969659491e-02
-4.437578468298807900e-03
-6.613439003975727336e-03
-1.366499267629211166e-02
-9.454449152542373017e-03
-5.385835164260305286e-02
-6.887816488805188764e-02
-1.762947269303201392e-02
-2.530144904791797530e-02
-3.935217880309687527e-02
-1.773530681104833542e-02
-5.876948629420380987e-02
-2.250614668340657296e-03
-9.616388104205899137e-03
-2.174909107553881643e-02
-5.077618225570202921e-06
-1.347889202762084064e-02
-1.024312094580456280e-02
-2.016978578154425550e-02
-1.106658035153797875e-02
-1.962773331240845465e-02
-8.631578259050010082e-02
-1.431565834902699327e-02
-1.478816828834484016e-02
-5.076768152333124146e-03
2.009582940991839345e-03
-2.991165777359280215e-02
-3.181516792215944439e-02
-1.038547551789077185e-02
-3.694058641975309087e-02
-1.506045328520610842e-02
-4.592978395061728288e-03
-1.875496965892445994e-02
-4.524187853107344837e-02
-3.651783845992886274e-02
-3.068574754132663909e-02
-1.488854232056915639e-01
-3.222369350282485844e-03
-4.745403065494873535e-02
-4.235489903745553314e-02
-3.524599811676083338e-03
-4.656014595103577730e-04
-2.183445804561623682e-01
-7.163959510357814642e-02
-1.436797054823184781e-02
-2.547100596359070934e-01
-1.486614616028457923e-02
-2.670269669386900885e-02
-6.297211759782381235e-02
1.470093769617074678e-02
-1.332721934505126530e-03
-3.781845051265955021e-02
-5.819078259050011054e-02
-9.555705953128270161e-03
-5.792758683825068033e-02
-1.716072269303201350e-02
-2.522520401757689934e-02
-1.482498299853525839e-02
-2.271784761456371524e-02
-6.375516582967147988e-03
-1.147052861477296584e-02
-5.399174775057542786e-02
-5.703664469554301257e-04
-7.408322870893493072e-05
-1.284545668549905706e-01
-4.475112471228290950e-02
-1.346071353839715240e-02
9.739910284578363539e-04
-9.673833437957732317e-02
-2.780439160912324265e-03
-3.390713276836158224e-03
-2.472359541745135225e-02
-7.658211707470181234e-03
-2.936440677966101892e-03
-6.921623247541326684e-02
-2.484110169491525466e-01
-4.591114772965055463e-02
-1.399684818999790727e-02
-3.872214375392341729e-02
-2.936515876752458440e-02
-6.825924618120944587e-02
-3.773213538397153510e-02
-1.924036147729650732e-04
-2.886453102113413147e-02
-5.140785206110064232e-02
-8.265000523121993417e-03
-5.448479022808118410e-02
-3.067319261351747484e-02
-1.056287926344423415e-02
-7.142446118434818414e-02
-6.144754394224733601e-02
-9.213289914207993536e-02
-6.972758422264071273e-04
-8.571124973843900763e-02
-3.483044308432726652e-03
-1.198534604519774054e-02
-5.189272075748064053e-03
-2.366721594475831858e-02
-1.690988569784473705e-01
-5.091023226616447211e-02
-2.264683380414312872e-02
-9.296139359698682436e-02
-1.406727348817744458e-02
-2.422313114668340518e-03
-9.828612157355094692e-03
-1.877854284369115043e-02
-5.341467880309687909e-03
-1.546482658505963538e-02
5.408133239171375277e-03
-2.974033532119690557e-02
-1.890585765850596317e-02
-3.151947321615400539e-03
3.039175298179535439e-02
-4.138189213224523905e-02
-5.579848033061309692e-02
-4.803371521238752884e-02
-1.543938977819627467e-01
-7.137934191253399174e-02
-7.439219763548859075e-03
3.414449937225361165e-02
-3.757683354258212205e-02
-3.977427286043104526e-02
-4.149076689684034341e-02
-1.448390745971960825e-01
-6.533859070935342170e-03
-7.446412690939526423e-03
-5.923212230592174443e-02
-5.881852898095836328e-03
-3.097490322243147409e-02
-7.344665463486084456e-02
1.392975779451768176e-03
1.904883343795773110e-03
-1.036703546767106000e-02
-8.659140249006068435e-03
2.660261691776522486e-03
-5.365335321196902651e-02
-4.190043680686336008e-02
-2.400080430006277295e-03
1.711825172630257463e-03
-2.003253164888051802e-02
-5.030537246285833597e-02
-3.113893466206318905e-02
-5.177861477296505886e-03
-1.398079488386691667e-02
-4.860882245239589450e-02
-9.098464636953337847e-02
-1.017334955011508640e-01
-1.317914312617702449e-02
-1.941501883239171375e-02
-2.180836733626281831e-02
-4.274560577526679422e-03
-3.693698995605775026e-02
-1.399894067796609957e-02
-1.386106533793680711e-03
-9.105592174094999727e-03
-3.620396526469973203e-02
-2.578474837832182565e-01
-1.248760854781335141e-03
-3.328854101276417649e-02
-1.591363255911278432e-02
-1.209091860221803670e-02
-1.125765065913371110e-01
-6.167673676501360391e-02
9.214728499686125965e-03
2.151044936179117260e-03
-2.686162769407826056e-01
-3.796132820673781688e-02
-7.267341494036409777e-02
-2.241979885959405894e-01
-9.159800690521030173e-03
-3.920766635279347018e-02
-2.634063088512240969e-02
-1.454795720862105124e-01
-4.680535938480853697e-02
-1.271117780916509836e-03
-6.889385854781335250e-02
-7.678155733417032711e-03
-2.999990191462649503e-02
-3.561545302364511889e-02
2.423889019669387031e-03
-4.247783270558694313e-02
-7.866479650554510442e-03
-9.054555084745763427e-02
2.942208097928437210e-02
-4.989897206528562390e-02
-1.063833961079723757e-02
-9.278026260724001051e-02
3.038351381042059349e-04
-7.176939474785520162e-03
6.192325800376648030e-03
-1.167215944758317678e-02
-5.445078729859803568e-03
-6.699132925298179053e-02
-2.375222326846620699e-02
-1.428234201715840139e-02
-6.754551161330821230e-02
-3.920243513287299114e-02
-7.705227296505545720e-02
-4.483940154844109384e-03
-7.485516059845155742e-04
-7.162324754132663729e-03
-4.508003766478342611e-02
-2.759017315337937079e-02
-1.546194941410336879e-02
-6.173395323289390842e-03
-1.126840735509520852e-01
-2.401839427704540592e-02
-3.814801736765013884e-02
-6.350635593220339825e-02
-3.100302102950407840e-02
-1.567561205273069677e-03
1.843959248796819405e-04
-4.731049905838041270e-04
-8.609868696379995023e-02
-5.363308223477714770e-02
-1.163269643230801283e-03
-3.784297185603682084e-02
-8.089525789914208884e-03
-2.329167974471646647e-03
-5.869723006905210733e-02
-1.154530236451140474e-01
-4.802390667503662197e-02
-9.561525685289809506e-02
-1.455054012345679063e-03
-2.791176239799120912e-03
-1.162681130989746611e-02
-1.200597666875915571e-04
-3.681863360535676463e-03
-1.800634939317848765e-02
-2.698080142289181749e-02
-1.203314631722117445e-02
-2.693087596777568246e-02
-1.451307151077631252e-01
1.026309766687591440e-03
-6.526633448420171568e-02
-4.891190625653902418e-02
-1.070091807909604419e-02
5.160925402803933319e-05
0.000000000000000000e+00
-9.922087518309270771e-02
-5.600642132245239879e-02
5.447955900816071027e-04
-4.630512397991211337e-02
-1.929620474994768941e-03
-8.014294308432727554e-02
-1.847536095417451341e-02
-2.138274220548231491e-02
-5.368277882402175405e-02
-2.618238648252772371e-03
-1.173817090395480184e-01
-6.898900136011717858e-03
-2.229833647206528897e-03
-6.947321615400711301e-04
-1.118634259259259321e-02
-9.965277777777778196e-04
-8.641288711027412736e-03
-1.733590317011927256e-02
-1.492669753086419554e-02
-2.127756198995605849e-02
-1.471731795354676645e-02
-5.690161383134546835e-02
-7.036317744297970744e-02
-7.949427181418707022e-02
-3.864988752877170780e-02
-5.781871207365557944e-03
6.259873927599915715e-04
7.670014647415776977e-04
-6.743696379995814741e-03
-7.737497384390040062e-03
-2.084480932203389841e-02
-4.505943973634651128e-02
-1.835020401757689974e-03
-2.286438716258631584e-02
-2.144751124712282811e-02
2.508592278719397415e-03
-4.793988020506381731e-02
-4.810989485247960107e-02
-3.232818712073655398e-02
-1.110829933040385041e-02
-2.925925925925925916e-02
-8.275920694706005720e-02
-1.495439030131826552e-01
-6.035094946641557379e-02
-7.646441462649089527e-03
-6.645512921113203020e-02
-1.921126281648880690e-02
-2.111761744088721249e-01
-2.653961341284787577e-03
-7.046093586524376784e-02
-9.429960504289601432e-04
-5.206665881983677663e-02
-1.009170982423101062e-02
-7.040339244611842906e-02
1.020767943084327327e-03
-2.156766582967147711e-03
-6.780282224314710358e-04
-6.402130414312617868e-03
-3.866296557857292447e-03
-2.270872567482737185e-03
-1.101413737183510981e-02
-1.820526653065494826e-02
-1.187078232893910845e-01
-2.605566017995396538e-03
1.109433851224105386e-02
-1.832983495501150795e-03
-1.345283401339192201e-03
-7.793242571667713392e-02
-1.241806601799539528e-01
1.182903065494873319e-02
3.977525371416614462e-03
-2.827258579200669572e-02
-2.334850387110274164e-02
-2.188317378112575925e-03
-3.895525999163004793e-02
-1.123205037664783412e-01
-3.429260828625235735e-02
-8.466173624189162611e-03
-4.591147468089558717e-03
-1.003303571428571378e-01
-4.319168956043955773e-03
-1.314965659340659385e-02
-9.325686813186814458e-03
-2.361277472527472526e-02
-2.868248626373625862e-02
6.419828296703296300e-03
-1.280068681318681165e-02
-2.798880494505494657e-02
-4.329574175824175974e-02
-9.668887362637362121e-03
-1.166366758241758200e-01
-9.603777472527472159e-02
-2.243935439560439463e-02
-5.434759615384614911e-02
-2.220611263736263774e-01
-3.851318681318681436e-02
-6.011600274725274404e-03
-1.641030219780219637e-02
1.187479395604395561e-02
-6.670899725274724926e-03
-7.338392857142856697e-03
-3.936346153846153467e-02
-3.560666208791209153e-02
-1.050302197802197718e-01
-1.243049450549450624e-01
2.129677197802197844e-02
-2.092087912087911838e-01
-1.018956043956043972e-01
2.570995879120879096e-02
-6.969780219780220831e-02
-1.838956043956043764e-03
-5.648406593406592874e-03
2.939526098901099147e-03
-1.384031593406593111e-02
-2.429340659340659125e-02
-2.399484890109889954e-02
-1.433282967032967203e-01
-2.729416208791208762e-02
-8.085439560439561246e-02
-6.343942307692307381e-02
-8.051098901098899946e-03
-1.573021978021978129e-02
-6.259670329670329178e-04
-1.127740384615384672e-01
-7.123695054945054783e-02
-3.247046703296702780e-02
-1.714045329670329521e-01
-1.304031593406593248e-01
-4.467417582417582828e-02
1.399134615384615109e-02
-5.708200549450549374e-03
-9.047596153846154676e-02
1.913482142857142552e-03
-9.321016483516483472e-03
-4.594258241758241573e-02
-1.731668956043955904e-02
-4.913509615384615268e-05
-5.826847527472527044e-03
-3.540144230769230044e-02
-3.775068681318680813e-02
-9.878434065934064978e-02
-4.240865384615383898e-02
1.202314560439560328e-03
-6.280157967032966304e-02
-1.275027472527472464e-02
-1.433447802197802129e-02
-2.309313186813186439e-02
-1.786414835164835263e-02
9.149450549450549239e-03
-7.049175824175824348e-03
-6.244409340659341084e-02
-4.030137362637362108e-02
-4.168619505494505773e-02
-5.355260989010988959e-02
-8.887499999999999567e-02
-4.823853021978021655e-02
-1.984773351648351503e-02
-8.547802197802197022e-02
-2.295061813186813071e-01
-5.357362637362636688e-03
7.675618131868131369e-03
6.629395604395604477e-03
-7.424931318681318726e-02
-4.814368131868131118e-02
-1.493337912087912105e-02
-1.157348901098900935e-02
-8.098901098901097745e-03
-1.613083791208791140e-01
-5.287211538461538156e-04
-1.100178571428571395e-02
-5.923708791208790597e-02
-5.445041208791208572e-03
-3.942699175824175561e-03
-3.982424450549450906e-02
-1.351971153846153774e-02
-1.982877747252747083e-02
-9.594299450549449715e-02
-2.729251373626373489e-01
-2.057575549450549324e-02
-9.110508241758241699e-02
-6.237781593406593883e-02
-9.720260989010987354e-03
-3.447479395604395591e-02
-1.243729395604395438e-03
2.005288461538461478e-02
4.819072802197801875e-03
-4.017225274725274436e-02
-1.626833791208791291e-01
-8.667307692307689437e-03
-3.631002747252747454e-03
-2.643770604395604459e-03
-3.209780219780219296e-02
-5.276483516483515546e-02
-5.642314560439560395e-02
-4.814059065934065546e-02
-2.581380494505494151e-03
-7.843887362637361887e-03
-7.746359890109889845e-02
-1.053131868131867988e-01
4.738248626373625302e-03
-1.860947802197801815e-01
-3.564368131868131395e-02
-2.599347527472527231e-02
-9.663049450549448388e-03
-6.886126373626373989e-03
-9.194436813186813995e-02
-2.476456043956043809e-02
-2.057568681318681231e-02
-5.796435439560438350e-03
-3.265123626373626908e-02
-2.624320054945054881e-02
-5.733791208791208949e-04
-1.885364010989010741e-01
-1.925817307692307854e-03
-1.356936813186813105e-02
-2.210075549450549008e-03
5.942905219780219260e-03
-1.080171703296703284e-01
-1.240212912087912053e-02
-6.140096153846153967e-03
-3.854045329670329617e-02
1.680542582417582408e-03
-2.197788461538461528e-03
6.065982142857142927e-03
1.523221153846153648e-03
-3.108097527472527231e-03
1.359223901098901080e-02
-5.873743131868131018e-02
-2.367424450549450443e-01
-4.156984890109890335e-02
-9.887912087912087769e-03
-3.373056318681318805e-02
-1.705590659340659385e-02
5.334938186813186455e-03
-1.004890109890109809e-02
-4.804842032967032023e-02
-6.075329670329670390e-02
-2.752623626373626106e-02
-7.944368131868132996e-03
1.985989010989010878e-04
-7.271565934065933601e-02
-8.425755494505494936e-02
-1.498619505494505344e-01
2.181778846153846312e-03
-1.173681318681318690e-02
1.750508241758241476e-02
-1.748276098901098974e-01
-5.641572802197801495e-02
-1.922527472527472414e-01
1.638248626373626365e-02
-1.670542582417582382e-03
-1.188640109890109764e-01
-2.280405219780219650e-02
-9.466483516483515173e-03
-6.022589285714285284e-02
-3.194862637362636871e-04
-1.772678571428571229e-02
-3.014491758241757968e-02
-8.150618131868131097e-03
-2.512101648351647981e-02
-5.953447802197802535e-02
-2.203179945054944879e-03
-1.247438186813186814e-02
-4.872383241758241473e-02
-2.787321428571428242e-02
-2.779835164835164560e-02
-2.136325549450549255e-01
-3.310219780219780111e-02
1.352692307692307701e-02
-4.329093406593406690e-02
-9.000961538461539277e-03
2.280473901098900927e-02
-9.967719780219778860e-04
-2.188777472527472789e-02
-4.153914835164834729e-03
-8.667445054945054767e-03
-4.440199175824175587e-02
-6.427197802197802054e-03
-2.298468406593406343e-01
8.754876373626372874e-03
-4.902417582417582104e-02
1.873894230769230715e-02
-3.572115384615384519e-03
-4.614505494505494188e-02
6.474670329670329308e-03
-2.024320054945054903e-01
-3.899793956043955730e-03
-2.860460164835164354e-02
2.091751373626373270e-02
-6.887431318681318249e-02
-4.032479395604395694e-02
-4.049553571428571308e-02
-1.251092032967033099e-02
-3.826222527472527418e-02
-6.072857142857142343e-02
-6.602568681318680575e-04
-4.305116758241758768e-02
-1.873228021978021879e-02
-5.072486263736263913e-03
-5.517747252747252223e-02
-4.536353021978022093e-02
-2.524361263736263697e-02
-1.602074175824175911e-02
-1.877307692307692358e-02
-3.031153846153845574e-02
-4.489471153846153612e-02
-1.156510989010989081e-02
-2.901181318681318386e-02
-6.901854395604395398e-02
5.950700549450549035e-03
-1.368145604395604523e-02
-4.527939560439560307e-02
-8.717513736263735047e-02
-9.205151098901098727e-02
-6.921359890109889113e-02
9.235989010989010650e-05
-3.062149725274724843e-01
-4.153722527472526738e-02
-1.117369505494505413e-03
-2.605975274725274606e-03
-3.508564560439560859e-02
-3.449711538461538215e-03
-9.968543956043955656e-02
-1.090920329670329487e-02
-1.527918956043955966e-02
3.676579670329669942e-03
-1.628166208791208833e-03
-2.239175824175823875e-04
-2.324567307692307697e-02
-6.026092032967032830e-02
-6.895673076923077016e-03
-2.898585164835165012e-02
8.593956043956044134e-04
-2.119814560439560458e-02
6.853482142857142065e-03
-9.932967032967032761e-02
-3.536689560439560537e-02
-4.037939560439560704e-01
-3.010975274725274584e-02
-5.765206043956043469e-02
-5.977506868131867010e-04
-1.265590659340659271e-02
-1.785460164835164787e-02
-3.958564560439559871e-02
-4.782980769230768536e-02
-7.739217032967032894e-02
-1.138255494505494361e-02
-2.798859890109889684e-02
-5.677451923076923257e-02
-2.736421703296703159e-02
-1.342905219780219771e-03
-4.683681318681318616e-03
-5.480418956043955729e-03
1.121902472527472501e-02
-1.391792582417582247e-02
-2.104663461538461636e-02
-8.159478021978022744e-02
-2.402156593406593391e-02
-5.843708791208791602e-03
-3.341304945054945127e-03
-1.612774725274725152e-01
-2.241881868131868211e-02
-2.803420329670329274e-03
-4.243379120879120503e-02
-2.975364010989010877e-02
-9.398695054945054028e-02
-3.757864010989010739e-02
-1.994622252747253049e-02
8.864560439560438890e-03
-1.046524725274725204e-01
2.219725274725274731e-03
-2.074622252747252912e-02
-7.005082417582417231e-02
-5.197561813186812874e-03
-1.039127747252747147e-01
2.016689560439560366e-02
-1.831298076923076890e-02
-1.779107142857142693e-02
-4.787197802197802610e-02
-1.282953296703296664e-01
-1.498571428571428450e-02
-7.447252747252747218e-02
2.300666208791208797e-02
-1.893447802197802121e-02
-4.474787087912088235e-02
-1.245343406593406484e-02
3.130432692307691910e-03
-6.098434065934065645e-02
2.351620879120878903e-06
-1.589539835164835088e-02
-3.060899725274725258e-02
2.960439560439560164e-02
-2.344093406593406315e-01
-5.319429945054945409e-03
-3.259443681318680702e-02
-4.379292582417582125e-02
-2.016236263736263454e-02
-4.096325549450549781e-03
-7.424519230769231065e-03
-6.285645604395603304e-03
-9.948076923076922332e-03
-1.596806318681318615e-01
-1.763447802197802214e-02
-2.030666208791208627e-01
-3.311188186813186773e-02
-3.392122252747252834e-03
-8.759271978021977711e-02
2.072960164835164348e-02
-5.576373626373626715e-04
-7.582829670329668814e-02
-1.004917582417582398e-03
-3.699162087912088396e-03
-1.422898351648351455e-02
-4.975961538461537437e-02
-9.206043956043954979e-02
-6.207726648351648280e-02
-1.036064560439560293e-02
-6.869574175824175351e-03
-5.402699175824175054e-02
-3.562108516483516139e-03
1.740350274725274747e-03
-1.457809065934065687e-02
-6.765164835164834412e-02
-3.542225274725274708e-02
-3.251531593406593174e-02
-1.347788461538461380e-02
-7.041346153846154109e-03
-4.731696428571428165e-02
-1.421243131868131782e-01
-5.077843406593406106e-02
-1.135343406593406490e-01
-4.917101648351648868e-02
1.382383241758241774e-02
-1.603468406593406420e-02
7.718681318681318987e-03
-6.061964285714285111e-02
-7.907348901098901206e-02
-6.398729395604395298e-02
-9.089835164835163850e-02
-1.516462912087912030e-03
-7.009271978021976157e-02
-1.220679945054944926e-01
1.182912087912087878e-02
-1.644965659340659123e-02
1.376758241758241526e-02
9.196222527472527886e-03
-1.296634615384615330e-01
-7.818200549450549271e-04
-6.517438186813186152e-02
1.365178571428571179e-02
-3.629512362637362516e-02
-1.220336538461538542e-02
-2.642300824175823973e-02
-1.321078296703296663e-02
-5.187376373626373383e-02
-2.023131868131868016e-02
-1.248104395604395372e-01
1.445782967032966998e-03
-1.085913461538461425e-02
-6.233337912087911960e-04
2.171655219780219397e-03
-1.323598901098901014e-02
-5.049409340659340856e-02
-8.929326923076921774e-02
-1.928592032967032729e-02
-1.160934065934065770e-02
-1.748688186813186426e-02
-1.082596153846153986e-01
-4.215528846153845238e-02
-5.070535714285714229e-02
-3.879491758241757765e-02
1.538736263736263698e-04
-1.013701923076923070e-02
-2.625281593406593450e-02
-6.465597527472526085e-02
8.023832417582416401e-03
1.294862637362637200e-03
-1.609931318681318523e-03
-8.096771978021977123e-02
-9.520123626373624970e-02
-5.516002747252746891e-02
-5.919910714285714359e-03
-2.695206043956043570e-03
-3.190247252747252515e-02
-1.336957417582417540e-01
2.727891483516483445e-02
-2.449258241758241542e-02
-3.675803571428571184e-03
-1.163804945054944945e-02
-2.039333791208790964e-02
-8.868131868131867712e-02
-4.386524725274724978e-02
-4.707204670329670493e-02
-2.164203296703296614e-02
-1.065961538461538544e-01
-2.200350274725274349e-02
-2.483866758241758121e-02
-6.045796703296703323e-02
5.462101648351648867e-03
-1.721030219780219639e-01
-1.216318681318681247e-04
-2.422266483516483451e-02
-7.410302197802197920e-03
-1.437671703296703254e-02
-1.224587912087912039e-01
-3.383942307692307250e-02
3.477273351648351406e-03
-8.188186813186813101e-03
3.919512362637361975e-03
-1.472465659340659060e-04
-5.388756868131868577e-02
7.987087912087910760e-03
-1.611936813186812950e-02
-3.203186813186812559e-02
-3.726586538461538860e-03
-7.037637362637362212e-03
-1.488674450549450426e-02
-2.488344780219780075e-02
2.217287087912087843e-03
-1.046332417582417507e-03
-3.375309065934065794e-02
6.974725274725274843e-03
-6.653749999999999075e-03
-7.943956043956043600e-02
-1.454464285714285876e-01
-1.388385989010988870e-02
-9.597458791208790876e-05
-1.624354395604395707e-01
-1.164656593406593332e-01
-1.023145604395604355e-02
-2.735968406593406246e-02
-5.426936813186812592e-02
-1.067479395604395594e-02
-5.620556318681318303e-02
-6.349608516483516707e-02
1.691188186813186861e-02
-2.532582417582417492e-02
3.650796703296703308e-04
-1.005494505494505392e-01
-5.892032967032966029e-02
6.669436813186812966e-03
-1.287616758241758117e-03
-4.732809065934065473e-02
-1.505219780219780312e-01
-6.012156593406593232e-03
-7.183653846153845689e-03
-1.242026098901098923e-03
-2.424656593406593341e-02
-5.610542582417581831e-02
-6.018152472527472235e-02
-8.628914835164834540e-02
6.975480769230769408e-03
-1.076902472527472565e-01
-3.818008241758241023e-02
-3.630624999999999825e-02
-1.617967032967032870e-01
-3.287767857142856465e-02
-5.302225274725274468e-02
-1.930700549450549072e-02
1.687960164835164770e-02
-6.044388736263736628e-02
-1.377554945054944909e-03
-4.517211538461538695e-02
-4.782733516483515801e-02
-5.662184065934065813e-02
-1.809601648351648329e-02
-1.296037087912087910e-02
5.429759615384614942e-03
-7.258241758241758268e-02
-1.189787087912087815e-02
6.955151098901098811e-03
-1.096092032967032996e-02
-3.258859890109889745e-01
-2.715885989010988905e-02
-1.391881868131868150e-01
-5.098427197802197358e-02
-2.522493131868131649e-02
-8.397252747252746674e-02
-1.658331043956043707e-02
-4.781220921215880576e-02
-7.341181374069478092e-03
-7.347724100496277021e-03
-1.785636049937965042e-02
-5.198753489454093629e-02
-3.318228520471463994e-03
-6.042862127791562288e-02
2.002384460297766677e-02
-7.505767292183622777e-03
-7.879332738833745575e-02
-1.227231312034739175e-01
1.265857630272953019e-02
4.709837352667493870e-03
-5.036057692307691243e-03
-2.643523185483870885e-01
-3.881174395161289536e-02
-2.688008878722084397e-02
-3.508389229218361952e-04
-1.711824402915632787e-02
-8.044160980148883089e-02
-6.463438275434243291e-03
-1.567409468052109039e-02
-3.814574286600495578e-01
-9.460394696029775924e-03
-4.687853791873448223e-02
-8.959803427419353941e-03
-4.045372596153845590e-02
-1.120371626861041969e-01
-9.494804590570719849e-03
-6.839475418734490553e-02
-3.835321999069478405e-02
-8.656608638337467965e-02
-1.487176256203474010e-02
-1.382167920285359564e-01
-2.579341462468982479e-02
-2.927933080024813436e-02
2.221662724875930056e-02
-3.304008995037220620e-02
-7.939186569478907940e-02
-1.952577349565757028e-02
-3.686700333436724198e-03
-1.053063934553349901e-02
-6.665826612903225090e-02
-5.015411755583125408e-02
-7.955422223945409280e-03
-6.417106079404465147e-02
-1.878145355148883380e-02
-2.224357358870967388e-02
-1.194789081885856002e-01
-9.216084444789081342e-02
-9.741731932382131085e-05
-1.444997479838709686e-02
-3.241145510235731581e-02
-6.302244882133995439e-03
-2.276015818858560455e-02
-6.315184941066998014e-02
-1.733551101116624985e-02
-1.927191571029776285e-01
-4.904233870967741535e-03
-1.122203590260545947e-01
-8.082835763027294146e-04
-3.106966307382134224e-02
-1.930167299937964867e-03
-8.546642369727045982e-03
3.364560716501240447e-04
2.688367517059553260e-03
9.598421991315136091e-04
7.668463089330023776e-03
-1.010928776364764144e-02
-3.743718982630272335e-02
-1.561971735421836122e-02
-2.808540438895781519e-02
-1.631416718362282969e-02
-2.387377869106699357e-02
-1.516279272642679851e-02
-7.428514655707195435e-02
-2.343623991935483639e-02
-1.717300907258064238e-02
-4.067230148883373836e-02
-5.660621510545905954e-02
-2.000688197890818434e-02
-1.180346619106699690e-01
-3.054246471774193367e-02
4.997819091191066550e-03
6.116528380893299088e-03
-4.798576108870967506e-03
-3.805763415012406261e-04
-2.240874108250620177e-03
-3.614832118486352355e-03
-8.894666950992555221e-02
-1.937272216191066737e-02
-3.019167765198511010e-03
-3.831934320719602299e-02
3.317646944789081004e-04
-5.147284041563275625e-02
-1.263167842741935165e-01
-2.403686220533498424e-02
-1.834943974875930320e-03
-3.482387949751860473e-02
2.209638647642679383e-03
-5.891264733250619473e-02
-5.153972161910670355e-03
-3.531419626240694248e-02
-1.768906056141439018e-02
1.967766167803969984e-02
2.731438042803970099e-03
-1.096682110732009746e-01
-3.110450915012406489e-02
-1.649867206885856086e-01
-4.427448433622828243e-03
-2.105522061104217746e-01
-4.159371122828783157e-02
-3.620550946029776201e-02
-7.725166718362283177e-03
-1.440829520781637674e-01
-1.261990151985111774e-01
-2.674647177419354691e-02
-2.501492710918114259e-02
-1.939428892679900818e-02
8.131639655707194672e-03
-1.689695448200992378e-02
-1.648868835297766511e-01
-5.207767912531016674e-02
-1.147027178970223306e-02
-2.229601232940446338e-03
-1.119256940136476204e-02
-3.397250116315136265e-02
-6.429076845533497619e-02
-1.129492672146402005e-01
-5.139238911290321815e-03
-9.495046913771711117e-03
-7.081265508684862764e-02
-5.424017137096773938e-02
-3.513686414392059448e-02
-7.614521944789082002e-03
-4.064923232009925308e-02
-5.946902140198511225e-03
-4.201036174007444224e-02
-2.383864182692307654e-01
-2.488848286290322107e-02
-6.009954637096773938e-02
-3.387251861042183277e-03
-2.113857979218361841e-02
-3.134087120037220425e-02
-1.402353442928039665e-02
-7.793259537841190285e-03
-7.101184475806451499e-03
-1.448094370347394492e-03
-8.381814128411908815e-02
-2.917479257133995252e-03
-3.058210879342431604e-02
-2.023069168734490872e-02
-3.182963709677419373e-02
-4.794708630583125603e-02
-1.044325759925558358e-02
-7.197144463399503256e-02
-9.452301101116625248e-02
1.112520355148883394e-02
1.478263608870967506e-02
-7.831691997518609380e-03
-5.615937112282877453e-02
-1.222433312655086916e-02
-2.024881746277915409e-02
-1.999602589950372211e-02
-1.738765896401985034e-01
-7.511970766129032195e-02
-1.531812189826302914e-03
-1.010274503722084251e-02
-7.267224333126550730e-03
-8.365190756823820406e-02
-1.470887290632754141e-01
-1.598921177109180816e-02
-6.600932459677419720e-03
-1.497819091191066876e-01
-1.160330722704714431e-03
-2.392616896712158603e-01
-1.935905513337468804e-03
-1.801217431761786558e-01
-1.125523418114143630e-02
-5.198511166253101667e-02
-2.591302535669974538e-02
-3.742066338399503700e-02
-1.279292028535979932e-02
-3.880510429590569577e-02
7.248565446650122486e-03
-6.327494959677417742e-03
-7.632211538461539102e-02
-5.110693238213398493e-02
-3.153947929590570493e-02
1.272090183002481468e-03
-2.584110383064515751e-02
-4.624767369727046835e-03
-4.633936879652605229e-02
-3.138923891129032171e-03
-6.399271091811413459e-02
-1.038849255583126491e-01
-1.166490578473945369e-02
-3.564516129032258007e-02
-3.489667338709677175e-03
-2.681500077543424228e-03
1.493462120037220703e-03
3.210341384925557810e-03
-7.275463321960297380e-02
-9.379894928660048592e-02
-7.562664779776673285e-02
-4.057765004652605367e-02
3.514970727357319739e-04
-1.241770704094292688e-01
-1.678941144540943009e-01
-2.222365462158808636e-03
-6.740849875930520103e-03
-5.195409429280396785e-02
-3.123987089019851157e-02
-1.468342897022332227e-01
-2.231418656947890822e-02
-4.572711499689826112e-03
-1.262591113523573172e-01
-4.454879419975186355e-02
-4.761234103598015188e-03
-1.059853830645161171e-01
-3.036188546836228117e-02
-2.134499069478908162e-02
-3.323831032878411113e-02
-1.698327000620346999e-02
-6.267156482630271974e-03
-1.186700333436724493e-02
7.642049860421835060e-03
-8.569663073821340293e-02
-8.327921448511166336e-02
-8.166970378411909925e-02
-1.328604799937965070e-02
-1.968367129342431937e-02
-5.831313973325061989e-02
1.697188081575682142e-02
-7.001201923076923184e-02
-5.153439050868485749e-02
-8.911581110421835537e-04
-6.261340725806451013e-02
-2.388570099255583369e-03
-4.643343866315136070e-02
-4.565839213709677741e-02
-7.658479373449131149e-03
-2.745085685483871028e-04
-6.843304125310173402e-03
-1.606268416563275403e-01
-3.652964097394540560e-02
-1.272555443548387122e-01
-8.794732862903224119e-03
-3.873478210297765824e-03
-7.930608328163771259e-02
-1.046642369727046953e-02
-2.838254109801488772e-03
-9.911455102357318372e-03
-6.332002171215880652e-04
-2.637101620657568077e-02
7.552681063895781352e-03
-2.193955490074441298e-04
-1.538112593052108970e-02
-2.987118098635235374e-03
-7.027178970223324451e-04
-1.987486429900744284e-02
-4.948530552109180886e-03
1.760730071339950287e-03
-1.181063895781637590e-01
-2.644269540942927738e-02
-3.884843168424317265e-03
-2.639742943548387035e-03
-1.774508568548386830e-02
-2.449504691377171056e-02
-1.926479140818858696e-02
-3.912065756823820788e-03
-3.751434553349875661e-02
-1.089800131823821239e-01
-1.279849371898262970e-02
-5.712672534119106471e-02
-3.590090919665012148e-02
-1.294383917493796554e-01
-8.759402140198510600e-02
2.227774116004962654e-03
-7.027954404466500715e-02
-6.026820331885855697e-02
-2.695884382754342497e-04
-2.972675635856079305e-03
-7.348257211538461627e-03
1.010827000620347256e-03
-1.105182808622828528e-01
-2.970761282568237793e-02
-2.738547805521091699e-02
-9.049850728908187536e-02
-1.483129458746898152e-02
-1.221265314826302725e-02
-1.584706498138957823e-02
-3.495463709677418956e-02
-2.515387523263027184e-02
-3.674690795595533105e-02
-8.202640353598014342e-03
-1.103946960297766747e-02
-1.810430559863523622e-02
-7.396334134615384359e-02
-8.779175713399503533e-02
-7.654505272952852324e-02
-2.815102551178659540e-02
-1.762217935794044288e-02
-1.915201419044664996e-02
-1.301697231699751878e-01
-7.013124224565756015e-02
-9.986575294665012148e-03
-8.801372518610420248e-02
-1.081338205645161060e-01
-7.262571727667492538e-02
-4.383699402915632037e-02
-3.223538306451612101e-02
-4.117415283808933089e-03
-3.267723518920595538e-02
-4.540317734181140846e-02
-1.851106932382133932e-02
-3.279951147642679032e-02
-1.139573317307692318e-01
-9.512639578163770149e-02
-8.761534584367244860e-02
-2.991223053660049466e-02
-4.343696688895782080e-04
-5.169044665012406670e-02
-4.679222239454094295e-02
-1.058588903535980126e-02
-6.160534274193548571e-03
-5.588069944168735231e-02
-1.056849022952853663e-02
-7.594893765508685390e-02
-2.150550558312654993e-03
1.002316609801488789e-02
-7.373943470843671855e-02
-5.868389423076922351e-03
-4.366940330334987547e-02
-1.931180210918113926e-01
-2.473746704404466146e-01
-3.589974604528535507e-02
-7.173396789702232712e-02
-4.193708320409429008e-02
-3.414871859491314804e-02
-7.361730381513646726e-02
-4.911988213399502874e-03
5.600816144540941930e-04
-4.113383025744415944e-02
-1.127059747208436664e-02
-8.422185173697268809e-03
1.077746975806451527e-02
-2.278637755893300060e-02
-8.045275666873448472e-02
-1.986492904776674881e-03
-1.636568509615384664e-02
-9.892699286600493969e-02
-2.164319362593052076e-02
-2.450095959987592595e-02
-2.805206071650123527e-03
-8.577902062655086424e-02
-1.840144230769230616e-01
-7.230051954094292299e-02
-2.491872479838709575e-03
-9.142127403846152245e-02
-4.570167106079404268e-02
-4.417581032878411650e-04
-1.251822270471463772e-01
-6.382841578784119452e-02
-7.206449674317616690e-03
-3.686453163771711838e-01
-1.661973674007443946e-01
4.626390935173696484e-03
-4.639990113213399159e-02
-1.766536135235731997e-01
3.546361274813895209e-03
-6.426072037841189938e-03
-7.023592586848634300e-03
-1.229058428970223188e-01
-2.574858483250620431e-02
-6.221793579404465840e-02
-1.961179823200992142e-02
-4.399852667493796277e-02
-4.371108289392058865e-02
-4.950081420595533717e-04
-2.360625387717121132e-02
1.237908072270471312e-03
-6.085026364764267726e-03
-5.301013880272952873e-03
-9.057992788461537159e-02
-3.247552535669975121e-02
-1.799967044044665024e-02
-4.881019308312654903e-02
-3.920755466811414770e-03
-8.844845300868487076e-04
-2.389752636476426663e-04
-7.996374844913151092e-02
-4.749936995967741354e-02
-3.605207040942928071e-02
-1.026834871277915451e-01
-1.180351465570719377e-01
-9.495967741935481057e-03
-1.709706498138957864e-01
-2.568625930521091765e-03
-2.677118874069478720e-03
-1.897739609181141596e-01
6.787860576923075880e-03
-2.230139190446650196e-02
-1.499379652605458968e-01
-4.260381125930520763e-02
-4.705708165322580738e-02
-2.673265935173697351e-03
-1.092615927419354586e-02
-5.591317075062033487e-02
-7.219050480769230276e-03
-1.989783653846153785e-02
-2.599420362903225729e-02
-3.944527372828784267e-02
-2.907878411910669227e-03
-8.474623914392059865e-02
-1.314457971464019770e-02
-6.813692230148882256e-02
-4.783450294665012037e-02
-6.563178504962778603e-02
-3.885022487593051566e-03
-1.000169626240694637e-01
-8.004662298387096864e-02
-3.089412414702233378e-02
-5.223228132754341446e-02
-3.550786096464019631e-02
-1.365534855769230671e-02
-1.605366974255582673e-03
-7.543957428660048870e-02
-4.587023107940445960e-02
-3.348131203473945355e-02
-4.003978946960297554e-03
-8.236226349255583792e-03
-1.941561336848634800e-01
-7.567947425558311896e-03
-5.953154078784118203e-02
-1.982063236662530772e-02
-3.386161406637716587e-02
-5.505970843672455817e-02
-1.808947541873448875e-02
-7.250164779776673007e-02
-3.100549589019850442e-03
-5.569071805210917825e-02
-1.236996937034739313e-02
1.565175248138957892e-02
-3.689351349255582529e-02
-4.759154970533498175e-02
-1.874127636476426509e-02
-5.784303272332505692e-03
-1.412690950682382075e-03
-1.042866974255582946e-01
-1.340391400434242861e-02
-1.169975186104218190e-01
-2.232538190136476308e-01
-1.962764616935483582e-04
-1.198176760235731804e-03
-4.253862631823820961e-02
-5.372256901364763637e-02
-1.935241547766749226e-01
-5.606147254962778881e-02
-1.523083708126550875e-02
-3.155993137406947618e-02
-3.398011011166252732e-02
-2.484515547456575546e-02
-1.424574480459057102e-01
-1.885618602667493704e-02
-5.272177419354837774e-02
-3.231796681141439146e-04
-2.702368951612902845e-02
-2.729203822890818518e-02
-8.438420828163771537e-02
-1.281492323200992406e-02
-7.839397875310172986e-03
-6.007822192928039678e-02
-9.819808467741934777e-02
-3.406283925248138490e-03
-9.007201845533498522e-04
-1.152949558002481362e-01
-1.870269851116625193e-02
-3.930705257444168377e-02
-1.424264306761786544e-02
-7.517253411910669592e-02
-2.685677729528535701e-02
-3.991043734491314665e-02
-4.986769153225806273e-02
-8.780726581885856322e-03
-2.689041175558312333e-02
-4.808472588399503866e-02
-1.188033111042183579e-02
-1.709953667803970276e-02
-2.257051605148882867e-01
-1.059301333746898166e-02
-9.710181451612902477e-04
-1.398006164702233003e-02
-1.510405358250620222e-01
-7.823307614764266060e-02
-3.112772371277915465e-02
-5.647439128411910203e-04
-5.794335452853598134e-02
-7.646411678039701301e-03
-6.704549860421835745e-04
-3.130417582130152337e-02
-2.347925167399037396e-04
-1.000578703703703699e-02
-1.170269669386900940e-02
-8.355140981376857345e-02
-6.877190573341702973e-02
-2.941269747855199818e-02
-2.912569967566436269e-02
-4.464748116760828417e-02
-3.981743042477505282e-03
-9.468965787821719514e-04
-1.101233913998744401e-01
-2.406511560996024354e-02
-1.792229022808118979e-02
-1.331917634442352227e-01
-1.930722300690521087e-02
-1.656563873195229450e-02
-2.433883919229964665e-01
-3.738818267419962132e-03
-1.788603133500732412e-02
-2.670171584013391816e-02
-4.281132297551789624e-03
2.453409447583176570e-02
-1.037220129734254051e-02
-8.096457156308850892e-03
1.998581031596568386e-03
-8.061931104833648318e-04
-1.238579593011090163e-01
-1.121122358233940103e-01
1.993091520192508820e-02
-2.892867885540907971e-02
-6.553443450512659401e-05
-1.140438637790332742e-02
2.752641766059845015e-04
-7.919020715630884985e-03
4.730167137476459869e-04
-1.232861215735509561e-03
-2.676759651600753298e-02
-9.317979702866707216e-04
-4.443561676082862649e-02
-8.841938690102531251e-02
-7.112137738020506139e-02
-7.413979127432517024e-02
-1.577075486503452528e-01
2.252609070935342184e-02
-4.872815965683197775e-02
-3.765857135383971627e-02
-2.876533401339192303e-02
-1.285922133291483582e-01
-4.773193921322452932e-02
-4.272795040803515319e-03
-1.720574387947269163e-02
-2.166957653274743587e-02
-2.737333908767524207e-02
-1.083876072400083651e-03
-1.166869376438585404e-02
-2.550118356350700860e-02
-9.368166718978866714e-02
-6.886443293576062670e-03
-2.183435996024273018e-02
-6.554882035990792534e-03
-4.627406361163423354e-02
-5.657106612261979250e-03
-3.807837675245867581e-02
-8.938977819627536708e-03
-1.674516766059845271e-02
-1.696494428750784764e-04
-3.689350544046871710e-02
-4.911200041849759362e-02
1.877216729441305663e-03
-2.080773305084746005e-02
-1.742911697007742261e-02
-8.533950617283950213e-02
1.601008317639673580e-03
-5.924683511194810820e-02
-6.892426501360116031e-02
-1.831061022180372616e-02
-4.373561414521866253e-02
-6.992015850596358661e-02
5.573962910650764012e-03
-2.073956371625863132e-02
-2.188314108600125305e-02
-6.972856507637580081e-02
-7.183838146055661344e-02
-4.977178803096882036e-03
-3.036981455325381794e-03
8.168321039966518681e-04
-8.157368173258003341e-02
-1.333231978447373955e-01
-5.621076585059635311e-02
-4.442678907721280684e-02
-9.054587779870265640e-02
-5.541071615400711137e-02
-7.566730749110691691e-03
-2.351443162795564118e-02
-5.781773121992048875e-03
-7.583339872358234313e-02
-1.631542294413057259e-01
-7.266033689056287936e-02
5.727237654320987970e-02
-8.185355199832600182e-03
-5.859849079305293890e-02
5.480062513078049402e-04
-3.954442613517471922e-02
-1.478705665411173854e-02
1.163665254237288048e-03
-1.003181235614145246e-02
5.385965944758317088e-03
-1.941534578363674282e-02
-6.852473059217409346e-02
-3.568476668759154591e-02
-5.662010880937434765e-02
-2.347392236869638021e-02
-4.828023645114040696e-02
-3.205649063611634014e-02
-1.514075251098556153e-03
-1.069058641975308664e-02
-1.484865426867545447e-02
-1.376546479388993660e-01
-1.639268152333123868e-02
6.579534159866081040e-03
-1.742336262816488943e-02
-4.921302835321196556e-02
-9.542824074074074403e-02
-9.061911487758946698e-03
-7.436865714584640907e-02
-9.532296243984096640e-02
-7.781243460975099946e-02
-1.052253347980748946e-02
-2.256215343168026591e-02
-2.095306287926344477e-02
2.944022677338355241e-03
-4.372613255911278300e-03
1.199996076585059523e-02
-3.289031439631721855e-04
-1.237288135593220401e-01
-1.851129289600334654e-02
-3.844161958568738293e-03
-1.779611974262397880e-02
-4.043732998535259221e-02
-4.232155001046244286e-02
-7.540411173885751273e-02
-7.906138836576688533e-02
-6.674382716049383213e-02
-1.292676946013810446e-01
-5.601296034735299412e-02
-7.469364668340658028e-03
-2.301220182046453261e-02
-2.850465578572923455e-03
-1.922783924461184471e-02
-3.527836629001883384e-02
3.753432988072818305e-02
-1.640788475622515299e-02
-7.692083856455327051e-02
-8.411016949152542999e-02
-3.543464898514333758e-03
-1.225566933458882568e-02
-2.594505257376019877e-02
-1.854967697216991160e-02
-8.044112261979494138e-02
-7.585399665201925234e-06
1.650407381251307870e-02
-4.105886430215526656e-02
5.020826794308432331e-03
-3.920374293785311090e-03
4.415247698263235067e-04
-3.257349863988281968e-02
-2.048208961079723764e-02
-1.415267315337936753e-02
-1.105680450931157202e-02
-9.544916562042267405e-02
8.019460138104206846e-04
-4.444902176187486703e-02
-1.230726224105461314e-02
-3.010975753295668245e-01
3.112196589244611942e-05
-4.007114459091860002e-03
-3.978702395898723460e-02
-3.532904373299853434e-02
-2.005417582130152726e-02
-7.679496233521657805e-03
0.000000000000000000e+00
-2.082885410127641862e-02
1.211272625026156048e-03
-6.845541692822766514e-04
-7.730827578991421312e-02
3.991551579828415963e-02
-5.784879158819837552e-02
-5.955384233103159369e-02
-3.717893387738020750e-02
-1.742519355513705848e-01
-3.393198106298388889e-02
-2.321226328729859758e-03
-5.392799225779452282e-02
-4.670988962125968008e-02
-2.448001673990374619e-02
9.045465840133918960e-04
-8.252641766059843828e-03
-2.768515249006068060e-02
-1.547754498849131591e-02
1.198815782590499993e-03
-1.219207731743042478e-02
-9.779602165725048354e-03
-1.981118565599497561e-02
-5.545093115714584686e-02
5.936617231638418452e-04
-4.192920851642602947e-03
-3.691050690521029826e-02
-9.824100230173676840e-02
1.039937094580456120e-02
-6.290966991002301667e-02
-7.399462492153170527e-03
-6.565082914835740011e-03
-4.182360326428123665e-03
-5.473065756434400408e-02
-1.180300533584431946e-02
-6.228421217827997437e-03
-9.427933406570411881e-05
-2.447393544674618046e-02
-2.971319836785938848e-02
-2.734113439003975701e-02
-5.638405001046244017e-04
-4.358750523121991682e-02
-1.401496128897258830e-02
-1.030501281648880385e-01
-3.305673258003766907e-02
1.140958490269930979e-02
-7.220947112366603998e-03
-1.263463852270349519e-02
-5.355624869219501039e-02
-1.172803541535886139e-02
-2.435397703494454960e-02
-2.031711001255492866e-02
-4.971620631931366122e-03
-4.544818476668759794e-02
-4.958346411383134783e-02
-1.908610587989119020e-03
-2.660689997907511942e-02
4.518433511194810959e-04
-7.086439370161122173e-03
-4.779765641347561989e-01
-2.084536513915045269e-02
-7.451218874241473389e-02
-4.287213590709353095e-02
-6.492793994559531434e-02
-1.508333987235823681e-01
-2.359829462230592090e-02
-1.034938010043942314e-01
-2.828621965892446233e-03
1.181484097091441623e-05
-8.852270349445490530e-03
-3.372763653483992069e-02
-1.058596202134337722e-01
-7.683485038711026886e-03
-1.526806732580037601e-02
-1.806402359280184083e-02
-5.344737392759991296e-02
-5.229814030131827579e-02
-2.192054430843272742e-02
-2.723683694287507440e-03
-9.650489119062565305e-03
-1.013329802259887030e-01
-1.475478656622724316e-01
-6.091232475413265596e-02
-6.970044726930320345e-02
-5.579619167189788995e-03
-3.011237314291692873e-03
-1.917068816698053874e-02
2.332198812513077910e-02
1.175536853944339835e-02
-3.235414704959196225e-02
-3.067721411383134839e-02
-6.534676449047917279e-02
-1.469544491525423644e-04
-1.017057046453232957e-02
-2.210795276208411472e-02
-2.086063376229336727e-02
-8.506846359070936378e-03
-1.433524272860431104e-01
-4.826160023017367351e-02
-6.649992153170118658e-02
-1.985820124503034217e-02
-4.095881722117598184e-02
-2.685067482736974362e-02
-6.231134913161748973e-02
3.918216415568110550e-05
-1.874686126804771084e-03
-8.758010305503244330e-03
-2.712416954383762430e-02
-5.925108547813350002e-02
-2.881058406570411942e-02
-1.714561754551161277e-01
-1.465895715630885152e-02
-6.832038606403013914e-02
-1.954678018413893992e-02
-3.934302416823603349e-02
-6.012273749738438616e-02
-3.172708725674826952e-02
-2.850374032224314323e-05
-2.195667242100857869e-02
-1.510073367859384938e-02
-6.506231690730278870e-03
-3.001432046453232985e-02
-8.534114092906465443e-02
-4.736738857501568770e-03
-2.461530916509729883e-02
-1.170681627955639202e-02
-3.061721856036827682e-03
-2.791813794726930378e-02
-2.073060525214480074e-02
-3.676697530864197483e-01
-4.222444549068843367e-02
-8.051207103996651029e-03
-1.507173310315965738e-03
-2.031214035363046455e-02
-3.337158662900188005e-02
-1.728303515379786548e-02
-1.119461445909186031e-02
-3.276476511822556947e-02
-1.921786723163841984e-02
-5.900423728813559976e-02
-1.085275423728813450e-02
-2.497567482736974542e-03
-9.879387685708307387e-02
-1.944820438376229296e-02
-3.360960713538397281e-03
-9.433262711864407249e-03
1.628315285624607704e-03
-1.842857423101067205e-02
-6.978610849550113959e-02
-3.485692613517472264e-04
-2.731010671688637731e-02
-7.093043785310733373e-03
-1.860545485457208714e-02
7.187794256120526651e-04
-1.129178436911487888e-03
-3.316495344214270835e-02
-1.102038214061519111e-01
-2.021873038292529984e-02
-9.712380989746808441e-03
-4.089669648462021523e-02
-1.509831423938062453e-02
-5.632748744507218991e-02
-3.155864197530864335e-01
-5.692482736974262270e-02
-5.089224994768780375e-02
-3.101217566436493059e-03
-3.186940913370998191e-02
-2.875869690311780649e-02
-1.238255911278510289e-04
-1.200290332705586799e-01
-6.590225465578572125e-03
-3.113801919857710557e-02
-6.934570516844527910e-02
-1.731386665620422705e-02
-5.650175245867335855e-02
3.529569470600543973e-03
-4.611418445281439960e-02
-3.673362628164888316e-02
-8.030282224314709560e-02
-4.262397991211550746e-02
-3.335785467671061044e-02
-4.839303463067587407e-02
-5.986150345260514601e-03
-3.178394407825904655e-02
-6.042353264281230887e-03
-1.040009023854362724e-01
-6.666372410546139715e-02
-5.407479336681313836e-02
2.953739668340657053e-03
-6.061349131617493544e-03
-2.841892916928227472e-02
-5.007323707888679948e-02
-3.755263915044988049e-02
5.413952971332914796e-03
-8.881794046871729909e-02
-4.830181523331241594e-02
-7.056981062983887568e-03
-4.563945124503034079e-02
-5.552743774848294817e-02
-5.418759154634860895e-03
3.611568842854154249e-02
-1.061244507219083477e-01
-4.867290489642184248e-02
-5.202513601171793872e-02
2.014385854781335170e-03
-5.395545616237706205e-02
3.714264228918183128e-03
-2.914011822557020098e-02
-1.817626595522076061e-01
-6.971679483155472645e-02
-3.519433982004603612e-02
-2.955622907512031952e-02
-1.376327422054823141e-02
-5.806948367859384591e-03
-1.468465552416823444e-02
-4.126811309897468472e-02
-1.713750915463485916e-02
-4.759363883657668354e-02
-2.039358390876752636e-02
-5.757317168863779200e-02
-1.600481926135174579e-02
-2.070941881146683150e-02
-1.268100020924879667e-01
-3.811564919439213578e-02
-4.253439527097719773e-04
-1.322092749529190335e-02
-3.185639647415777764e-02
-1.595149351328729696e-03
-2.010776313036199969e-02
-1.967203520611006395e-03
-3.340787821720024933e-03
-6.616937382297552461e-02
-9.776659604519773172e-02
-9.121351224105461730e-02
-1.472163370998116720e-02
-1.209683641975308616e-01
-7.045145427913789525e-03
-5.232560420590081501e-02
-6.385128949571039492e-02
-4.726047551789076817e-02
-6.468632297551789312e-02
-7.866806601799539514e-03
-4.119258736137267063e-02
-4.007408715212387729e-02
2.699515458254865032e-03
-3.437467304875497284e-03
-4.700578049801213895e-03
-2.135285886168654390e-02
1.461655157982841508e-03
-3.016465264699727880e-02
-4.244709928855409237e-02
-5.159650292948315259e-02
-6.619487602008788593e-03
-2.302037560159029238e-03
-4.444902176187486703e-02
-3.558537350910232627e-02
-3.804993199414103550e-02
-1.806516792215944744e-01
5.569254812722327849e-04
-1.390314396317221188e-02
-2.642008003766478305e-02
-9.667261717932622289e-02
-1.322766269093952722e-02
-3.016295250052311930e-02
-6.766125235404896188e-02
-1.309053933877380067e-02
-6.674382716049383386e-03
-1.737546427076794037e-03
-1.219825669596149697e-04
-4.088394538606402590e-02
-5.287292059008161065e-03
-1.082529033270558660e-02
-3.456430477087256772e-03
-2.725553855409081593e-03
2.095636508683825297e-02
-1.625709484201715571e-01
-2.727692116551580157e-02
-3.104382454488386830e-02
-1.453219815861058785e-02
-1.429499503034107472e-02
-1.257268126177024381e-01
-1.020091154007114406e-02
-6.498090604729022703e-03
-2.273426056706424111e-03
-2.504639438166980582e-04
2.246871076585059586e-03
-5.487418916091232196e-02
-5.430464009206946441e-02
-1.613308223477714909e-02
-1.093459013391922946e-01
-1.740659002929483348e-02
-1.943479938271604895e-02
-1.102505754341912524e-02
-2.881231690730278144e-04
-1.268351773383553059e-02
-4.699074074074074264e-02
-9.291365871521239939e-02
-2.345764019669387395e-03
-3.781616185394433977e-03
7.557510724000836635e-03
-3.557262241054613694e-02
-1.155635331659343040e-02
-9.731474942456580166e-03
-1.986035912324754169e-02
-8.718678070726092189e-02
-5.960975099393179405e-02
-1.338495893492362525e-02
1.776911356978447612e-03
-1.286085608913998743e-02
1.049693319732161734e-03
-2.743026129943502978e-02
-4.253341441724209360e-02
-3.244445098346934037e-02
-1.015029948734044868e-01
-8.326303881565182141e-03
-6.053796557857291788e-02
-6.121344685080561121e-02
-3.939337465997071186e-02
-4.346914888051893466e-02
-2.454819465267366399e-02
-4.194761994002998810e-04
-9.306065717141430091e-03
-9.645021239380309128e-03
-4.780234882558720422e-02
-1.844749500249875246e-02
-3.551880309845077428e-03
-2.743675037481259349e-02
-3.203054722638680373e-06
-3.027829835082459023e-02
-1.697604322838580995e-02
-1.856446776611694318e-03
-4.122282608695651725e-03
-6.780703398300849671e-03
-4.166510494752623944e-02
-9.593500124937530404e-03
-5.610928910544727560e-03
-9.112678035982009830e-03
-1.096784420289855129e-02
-2.225418540729635214e-02
-6.327273863068465232e-03
-1.112132996001998983e-02
7.751655422288855450e-03
-3.978026611694152753e-03
-1.071875000000000085e-02
-8.540261119440280962e-03
-1.104001124437781114e-03
-1.421006684157920946e-02
-2.459098575712144030e-03
-4.609945027486257035e-03
-4.865614067966016892e-02
-1.702789230384807798e-02
-1.531863755622188926e-02
-2.319371564217891351e-03
-6.015273613193403840e-02
-1.352331646676661892e-01
-1.107380684657671178e-02
-3.548350824587706304e-03
1.512598388305847093e-03
-7.182908545727136052e-02
-3.480337956021989365e-02
-6.566935282358819792e-02
2.212612443778111133e-04
-9.812468765617192445e-03
-1.078699712643678248e-02
-1.046539230384807562e-02
-2.314155422288855651e-02
-1.565763993003498403e-02
-2.677551849075462606e-02
-9.922585582208895416e-02
-6.592360069965018388e-03
-2.948400799600199747e-03
-7.754404047976012383e-03
-2.097919790104947352e-03
-1.405640929535232307e-02
-2.714845702148925392e-03
-5.451758495752123505e-03
-1.776471139430284979e-02
2.232446276861569170e-03
-8.637259495252375130e-03
-1.018945214892553880e-01
-3.621798475762118687e-05
-3.284873188405796826e-03
-2.240457896051974152e-02
-5.132824212893553201e-02
-1.920039980009995151e-02
-3.684720139930035276e-03
-1.042600574712643571e-02
7.197385682158920759e-05
-2.226824087956022209e-04
-3.164042978510744203e-02
-7.918087831084457198e-03
-3.581740379810095624e-03
-1.906453023488256055e-03
-6.668103448275862488e-03
2.180019365317341536e-03
-3.545664667666167252e-02
-5.529516491754123825e-02
-6.836925287356322538e-03
-4.043821839080460239e-04
-2.273410169915042228e-04
1.045912981009495396e-03
-4.798803723138431328e-04
-6.091391804097951584e-02
-7.489801974012993448e-03
-1.923194652673663194e-03
-8.862271989005496980e-03
-6.209957521239380801e-02
-1.617082083958020985e-02
-5.826633558220889984e-03
-6.182237006496751897e-02
-1.396440842078960475e-03
-5.867722388805597005e-04
-1.941388680659670088e-02
-7.397676161919040407e-04
-2.953913668165917411e-03
-2.112428160919540242e-03
-4.735163668165916911e-02
-3.429566466766616889e-02
-1.185444777611194440e-02
-2.636869065467266609e-03
-1.109187593703148643e-02
-7.895083708145926235e-03
-2.900971389305347092e-03
-2.295180534732633656e-02
-7.153641929035482738e-02
3.502498750624687346e-04
2.760838330834582653e-03
-1.490646864067965982e-01
-8.614505247376311875e-03
-2.256496751624188085e-02
-5.271286231884057989e-03
-1.663511994002998470e-02
-8.638118440779610219e-02
-5.524659545227385976e-02
-4.802942278860569333e-03
-1.011595764617691240e-02
-1.601464892553723304e-02
-1.997532483758120980e-01
-1.314174162918540709e-02
-2.183595702148925441e-02
1.846514242878560634e-03
-6.924725137431285427e-02
-4.636213143428286748e-03
-4.835051224387806185e-02
-7.434126686656671035e-02
-6.759667041479260584e-03
-5.439467766116941501e-03
-3.559360944527736187e-02
-1.987490629685157578e-02
-2.568621939030484979e-03
-7.196354947526237451e-03
-1.418870252373813021e-02
-2.238349575212393930e-02
-1.848513243378310702e-04
7.116457396301848620e-03
-3.759151674162918705e-04
-7.612287606196901403e-03
-4.273035357321339732e-03
4.646254997501249404e-04
7.023363318340829632e-05
-1.460212081459270330e-03
-1.274066091954022956e-02
-9.531359320339830021e-02
-9.162012743628185482e-04
-5.873969265367317248e-03
-6.297960394802598616e-03
-1.835816466766616514e-02
-6.291166916541728743e-03
-1.850652798600699589e-01
-8.886228760619689984e-03
-1.048994252873563376e-02
-1.484720139930034988e-01
-1.318743753123438334e-01
-6.733804972513743325e-02
-1.884557721139430361e-02
-1.880044352823588213e-02
-1.670570964517741064e-02
-1.438043478260869756e-01
-1.071989005497251540e-02
-2.047304472763618668e-02
-4.299256621689155448e-03
5.787465642178911494e-04
-1.134846639180409934e-02
-2.114458395802099044e-02
-1.741629185407296467e-04
-1.292652111444277940e-01
-4.573775612193903186e-04
-3.996361194402799077e-02
-1.301614817591204530e-02
-5.398316466766616556e-02
3.281078210894553329e-04
-9.535029360319840358e-03
-3.880590954522738795e-03
-2.112662418790604499e-02
-9.709207896051974887e-03
-4.231759120439780586e-02
3.498922413793103398e-02
-1.336578585707146327e-01
-3.300178035982008484e-02
-7.039839455272363204e-03
-2.749515867066466487e-02
-1.925584082958520793e-01
-4.026658545727136718e-02
-2.914027361319340356e-03
-2.244127936031983968e-03
-1.172685532233883228e-02
-2.899878185907046879e-02
-3.921804722638680407e-02
-2.175662168915542226e-03
-1.040999812593702964e-03
-5.940123688155922281e-03
-8.971545477261370222e-03
-2.628935532233883307e-02
-3.944090454772614107e-02
-1.727198900549724997e-02
-1.687827961019490149e-03
-2.989770739630184972e-05
-2.405765867066466876e-02
-7.801052598700649980e-03
-1.075416979010494680e-03
-8.768381434282858378e-03
6.199447151424288763e-04
-2.495143053473263591e-03
-5.887603073463269256e-03
-2.344390304847576365e-02
-4.979041729135432609e-02
-4.172866691654173073e-03
-3.031905922038980947e-02
-1.965751499250375026e-02
-6.143459520239879373e-03
-1.272916666666666641e-02
-2.266897801099450587e-03
2.167197651174413103e-04
-8.291198150924538116e-03
-3.790089330334832363e-03
3.580678410794602660e-03
-3.692247626186907078e-02
-1.240707771114442880e-02
-9.792884807596204111e-02
-2.125812093953023674e-02
-2.231774737631184516e-02
-6.168197151424288302e-03
4.873266491754123220e-04
3.699634557721139601e-04
-6.994221639180411842e-02
-3.382308845577211651e-03
-4.409779485257371567e-03
-3.403064092953523440e-02
-2.090798350824587745e-03
-5.405016241879061385e-03
-2.673694402798600794e-02
-2.391975887056472030e-02
-1.285855509745127689e-02
-7.136228760619690858e-02
-2.005559720139929968e-04
-2.356384307846076751e-03
-4.882230759620190264e-02
-2.437265742128935653e-02
-3.764570839580209938e-02
3.432143303348326405e-03
-2.382761744127936260e-02
-1.308256809095452444e-02
-1.927895427286356904e-03
-1.658124062968515944e-01
-3.099590829585207458e-02
-9.339798850574712943e-03
-3.260650924537731449e-02
-7.932814842578709766e-03
-1.497524675162418932e-02
-1.475043728135932118e-02
-4.723872438780609556e-02
1.430272363818091115e-03
-3.514086706646676883e-02
-2.789449025487256151e-02
-1.821448650674662578e-02
-4.914714517741130065e-03
-2.605556596701649394e-02
-3.063312093953023812e-02
-4.269896301849075704e-03
-1.352440967016491774e-02
-1.942544352823588096e-03
-1.050137431284357999e-02
-2.601043228385807246e-02
-7.164761369315342427e-05
-1.244537106446776641e-02
2.956115692153923088e-04
3.784029860069964852e-03
-4.088690029985008259e-03
-2.161091329335332670e-02
-4.294446526736631791e-04
-1.264144490254872841e-02
-2.045898925537231738e-01
-2.107774237881059661e-03
-1.844015492253873361e-03
-4.507605572213893054e-03
2.226917791104447708e-03
-4.240801474262869200e-03
-1.074281609195402304e-03
-5.329819465267366697e-03
-1.466180972013993037e-03
-9.013571339330336135e-03
-1.326414917541229310e-01
-1.464286606696651874e-03
-1.304163543228385909e-02
-2.912793603198401277e-03
-5.130965767116441728e-02
-5.961363068465767162e-02
1.905515992003998030e-03
-7.067435032483757387e-03
2.735944527736132491e-04
-3.578804347826087390e-02
-1.779922538730634943e-03
-7.084426536731634749e-02
-2.599075462268865717e-03
-1.393882746126936731e-02
-4.216719765117441150e-04
-9.793087831084458517e-02
-2.468671914042978519e-02
-3.891226261869065034e-02
2.575040604697651338e-04
-8.907124562718641420e-03
-5.835910169915042682e-03
-1.779563343328335878e-02
-3.876405547226386555e-02
-3.281468640679659904e-02
-1.784467141429285251e-03
-2.653470139930035401e-02
6.370408545727135503e-03
-2.447151424287856078e-02
-6.891991504247876182e-03
-1.489953460769615195e-03
-1.230947026486756656e-02
-3.965423538230884379e-03
-5.525534107946026424e-02
-1.705272363818090969e-02
-2.198697526236881652e-02
-4.729900674662668864e-02
-2.016195027486256900e-03
5.583520739630185676e-04
-3.193684407796102353e-04
1.384923163418290935e-02
-3.420164917541229643e-02
-2.357508745627186555e-02
1.191677598700649748e-04
-1.323204022988505764e-02
-5.194746376811594166e-03
-5.186781609195401793e-02
-1.456254685157421305e-02
-8.726605447276361907e-03
-2.446464267866067192e-03
-2.740785857071464243e-02
-1.488135619690155072e-02
-3.192794227886056914e-03
-2.828039105447276158e-02
-1.971857821089455579e-02
-3.401299350324837704e-03
-7.153829335332333519e-03
-1.998875562218890498e-02
-2.888774362818590652e-02
-1.499611131934033012e-03
-2.303067216391804090e-02
-4.473232133933033317e-02
-6.694434032983508261e-03
-1.811250624687656477e-02
-1.491018553223388311e-02
-1.518803098450774609e-02
-6.712893553223388265e-02
-1.011748813093453275e-03
1.105750249875062444e-03
-1.953710644677661239e-04
-1.288807158920539722e-02
-5.695043103448276314e-03
-1.775924537731134525e-02
-3.154094827586206851e-02
5.899768865567215671e-04
-3.165183033483258499e-03
-9.662106446776611013e-02
-9.573338330834582632e-03
-1.192624000499750182e-02
-2.397098325837081559e-02
-1.114745752123937929e-02
-1.453818403298351089e-02
-1.081735694652673739e-02
-4.366832208895552944e-03
-1.054336894052973483e-03
-4.914761369315341633e-02
-1.459524925037481435e-01
-4.924756371814092981e-02
-2.873531984007996094e-03
-1.289319402798600744e-01
-2.016273113443278406e-02
-7.812359445277360613e-03
-5.185329210394802948e-03
-4.123938030984507924e-02
-4.946323713143427857e-03
5.426599200399799885e-04
-7.746158170914542451e-02
-1.313816529235382544e-02
-5.618518865567217330e-02
-4.513446401799100366e-02
-3.733867441279359930e-03
-1.344857258870564825e-03
-8.121782858570715524e-02
-2.484429660169915066e-02
-4.039542728635682305e-03
-6.953492003998000548e-02
-2.907842953523238558e-02
-8.427504997501249207e-02
-7.248094702648676113e-02
-6.800427911044478954e-03
-4.714221014492753214e-02
-8.668228385807096384e-03
-1.447988505747126566e-03
-4.912965392303848518e-04
1.791932158920539475e-02
-4.357149550224887619e-02
-1.043039417791104435e-02
-2.638993003498250889e-02
-4.923585082458770135e-02
-1.247716766616691619e-01
-1.525103073463268547e-03
-6.676099450274863845e-02
-1.440073713143428212e-02
-8.065763993003498972e-03
-1.209104822588705566e-02
5.972732383808096110e-03
2.570292978510744608e-04
-1.414083583208395993e-02
-7.226589830084956777e-03
-4.279891304347826424e-04
-8.299350324837580489e-04
-3.927832958520739368e-03
-2.070902048975512694e-02
-6.627373813093453449e-03
-1.031279672663668219e-02
-1.533412981009495309e-02
-3.659654547726137047e-02
-2.665183033483258315e-02
-9.535013743128437427e-03
-7.529188530734633178e-02
-4.657311969015492763e-03
-6.516632308845577218e-03
-4.201289980009995789e-02
-1.238034107946026953e-02
-6.789246001999001308e-03
-1.319679222888555867e-02
-5.389836331834083061e-02
-7.065451649175412581e-03
-3.731290604697651281e-02
-7.724981259370315712e-02
-2.464096076961519444e-03
-1.717063343328335823e-02
-4.030937656171914435e-02
2.008886181909045644e-03
-4.196354947526236695e-02
-1.817294477761119409e-02
1.103045352323838270e-03
9.741020114942528613e-06
-7.469031109445277601e-03
-7.508433283358321997e-02
-2.508199025487256248e-02
-5.731884057971015078e-02
-1.863443278360819638e-03
-3.876655422288855651e-02
-5.792713018490754616e-03
-1.104055784607696315e-02
-5.555878310844578364e-04
-4.926396176911543995e-03
-1.467928535732133857e-03
-1.896661044477761238e-02
-1.414447463768115851e-02
-4.965048725637181276e-02
-4.986131934032983493e-02
-3.415183033483258613e-04
-8.068918665667165063e-03
-1.312731134432783622e-03
-4.002623688155922121e-02
-1.439483383308345736e-02
-2.260494752623688416e-02
-1.467097701149425344e-02
-3.783998625687156475e-02
-1.977308220889555102e-02
-1.736350574712643841e-02
-9.718921789105448242e-04
-2.733070964517740967e-02
-4.489755122438780777e-02
-7.077289480259871431e-03
-4.480681534232883179e-02
-6.011525487256372258e-02
-2.843968640679660556e-02
-6.102464392803598481e-02
-1.994830709645177211e-02
-1.279977198900549961e-03
-1.869674537731134609e-02
-1.622829210394802820e-03
-3.026018240879560159e-02
-2.261587956021988977e-02
-2.170383558220889339e-03
-2.552395677161419310e-02
-5.526611694152923360e-03
-3.861881559220390215e-03
-7.902736131934033625e-03
-9.184766991504247219e-03
-7.069527736131934852e-03
-2.978307721139430639e-03
1.089634870064967471e-03
-9.950290479760119655e-02
-4.146661044477761154e-03
-7.942263243378312049e-04
-2.786637931034482638e-02
-1.423489817591204465e-02
-4.395021239380310536e-03
1.808111569215392535e-03
-1.966282483758120933e-04
-3.539808220889555535e-03
-1.814905047476261975e-03
-6.296976511744128112e-03
-5.843734382808596188e-03
-2.116941529235382303e-03
